Dynamical matrix file
Phonons on a uniform q-grid                                                
  2    2  2 10.5000000  0.0000000  0.0000000  0.0000000  0.0000000  0.0000000
           1  'Al  '    24590.7656527287     
           2  'As  '    68285.4026205499     
    1    1      0.0000000000      0.0000000000      0.0000000000
    2    2      0.2500000000      0.2500000000      0.2500000000

     Dynamical  Matrix in cartesian axes

     q = (   -0.250000000   0.250000000  -0.250000000 ) 

    1    1
  0.23199950  0.00000000   -0.02546538  0.00000000    0.02546538  0.00000000
 -0.02546538  0.00000000    0.23199950  0.00000000   -0.02546538  0.00000000
  0.02546538  0.00000000   -0.02546538  0.00000000    0.23199950  0.00000000
    1    2
 -0.16508142 -0.05851324   -0.02947943  0.04603129    0.02947943 -0.04603129
 -0.02947943  0.04603129   -0.16508142 -0.05851324   -0.02947943  0.04603129
  0.02947943 -0.04603129   -0.02947943  0.04603129   -0.16508142 -0.05851324
    2    1
 -0.16508142  0.05851324   -0.02947943 -0.04603129    0.02947943  0.04603129
 -0.02947943 -0.04603129   -0.16508142  0.05851324   -0.02947943 -0.04603129
  0.02947943  0.04603129   -0.02947943 -0.04603129   -0.16508142  0.05851324
    2    2
  0.23116637  0.00000000   -0.02113986  0.00000000    0.02113986  0.00000000
 -0.02113986  0.00000000    0.23116637  0.00000000   -0.02113986  0.00000000
  0.02113986  0.00000000   -0.02113986  0.00000000    0.23116637  0.00000000

     Dynamical  Matrix in cartesian axes

     q = (    0.250000000  -0.250000000   0.250000000 ) 

    1    1
  0.23199950  0.00000000   -0.02546538  0.00000000    0.02546538  0.00000000
 -0.02546538  0.00000000    0.23199950  0.00000000   -0.02546538  0.00000000
  0.02546538  0.00000000   -0.02546538  0.00000000    0.23199950  0.00000000
    1    2
 -0.16508142  0.05851324   -0.02947943 -0.04603129    0.02947943  0.04603129
 -0.02947943 -0.04603129   -0.16508142  0.05851324   -0.02947943 -0.04603129
  0.02947943  0.04603129   -0.02947943 -0.04603129   -0.16508142  0.05851324
    2    1
 -0.16508142 -0.05851324   -0.02947943  0.04603129    0.02947943 -0.04603129
 -0.02947943  0.04603129   -0.16508142 -0.05851324   -0.02947943  0.04603129
  0.02947943 -0.04603129   -0.02947943  0.04603129   -0.16508142 -0.05851324
    2    2
  0.23116637  0.00000000   -0.02113986  0.00000000    0.02113986  0.00000000
 -0.02113986  0.00000000    0.23116637  0.00000000   -0.02113986  0.00000000
  0.02113986  0.00000000   -0.02113986  0.00000000    0.23116637  0.00000000

     Dynamical  Matrix in cartesian axes

     q = (    0.250000000  -0.250000000  -0.250000000 ) 

    1    1
  0.23199950  0.00000000   -0.02546538  0.00000000   -0.02546538  0.00000000
 -0.02546538  0.00000000    0.23199950  0.00000000    0.02546538  0.00000000
 -0.02546538  0.00000000    0.02546538  0.00000000    0.23199950  0.00000000
    1    2
 -0.16508142 -0.05851324   -0.02947943  0.04603129   -0.02947943  0.04603129
 -0.02947943  0.04603129   -0.16508142 -0.05851324    0.02947943 -0.04603129
 -0.02947943  0.04603129    0.02947943 -0.04603129   -0.16508142 -0.05851324
    2    1
 -0.16508142  0.05851324   -0.02947943 -0.04603129   -0.02947943 -0.04603129
 -0.02947943 -0.04603129   -0.16508142  0.05851324    0.02947943  0.04603129
 -0.02947943 -0.04603129    0.02947943  0.04603129   -0.16508142  0.05851324
    2    2
  0.23116637  0.00000000   -0.02113986  0.00000000   -0.02113986  0.00000000
 -0.02113986  0.00000000    0.23116637  0.00000000    0.02113986  0.00000000
 -0.02113986  0.00000000    0.02113986  0.00000000    0.23116637  0.00000000

     Dynamical  Matrix in cartesian axes

     q = (   -0.250000000   0.250000000   0.250000000 ) 

    1    1
  0.23199950  0.00000000   -0.02546538  0.00000000   -0.02546538  0.00000000
 -0.02546538  0.00000000    0.23199950  0.00000000    0.02546538  0.00000000
 -0.02546538  0.00000000    0.02546538  0.00000000    0.23199950  0.00000000
    1    2
 -0.16508142  0.05851324   -0.02947943 -0.04603129   -0.02947943 -0.04603129
 -0.02947943 -0.04603129   -0.16508142  0.05851324    0.02947943  0.04603129
 -0.02947943 -0.04603129    0.02947943  0.04603129   -0.16508142  0.05851324
    2    1
 -0.16508142 -0.05851324   -0.02947943  0.04603129   -0.02947943  0.04603129
 -0.02947943  0.04603129   -0.16508142 -0.05851324    0.02947943 -0.04603129
 -0.02947943  0.04603129    0.02947943 -0.04603129   -0.16508142 -0.05851324
    2    2
  0.23116637  0.00000000   -0.02113986  0.00000000   -0.02113986  0.00000000
 -0.02113986  0.00000000    0.23116637  0.00000000    0.02113986  0.00000000
 -0.02113986  0.00000000    0.02113986  0.00000000    0.23116637  0.00000000

     Dynamical  Matrix in cartesian axes

     q = (   -0.250000000  -0.250000000   0.250000000 ) 

    1    1
  0.23199950  0.00000000    0.02546538  0.00000000   -0.02546538  0.00000000
  0.02546538  0.00000000    0.23199950  0.00000000   -0.02546538  0.00000000
 -0.02546538  0.00000000   -0.02546538  0.00000000    0.23199950  0.00000000
    1    2
 -0.16508142 -0.05851324    0.02947943 -0.04603129   -0.02947943  0.04603129
  0.02947943 -0.04603129   -0.16508142 -0.05851324   -0.02947943  0.04603129
 -0.02947943  0.04603129   -0.02947943  0.04603129   -0.16508142 -0.05851324
    2    1
 -0.16508142  0.05851324    0.02947943  0.04603129   -0.02947943 -0.04603129
  0.02947943  0.04603129   -0.16508142  0.05851324   -0.02947943 -0.04603129
 -0.02947943 -0.04603129   -0.02947943 -0.04603129   -0.16508142  0.05851324
    2    2
  0.23116637  0.00000000    0.02113986  0.00000000   -0.02113986  0.00000000
  0.02113986  0.00000000    0.23116637  0.00000000   -0.02113986  0.00000000
 -0.02113986  0.00000000   -0.02113986  0.00000000    0.23116637  0.00000000

     Dynamical  Matrix in cartesian axes

     q = (    0.250000000   0.250000000  -0.250000000 ) 

    1    1
  0.23199950  0.00000000    0.02546538  0.00000000   -0.02546538  0.00000000
  0.02546538  0.00000000    0.23199950  0.00000000   -0.02546538  0.00000000
 -0.02546538  0.00000000   -0.02546538  0.00000000    0.23199950  0.00000000
    1    2
 -0.16508142  0.05851324    0.02947943  0.04603129   -0.02947943 -0.04603129
  0.02947943  0.04603129   -0.16508142  0.05851324   -0.02947943 -0.04603129
 -0.02947943 -0.04603129   -0.02947943 -0.04603129   -0.16508142  0.05851324
    2    1
 -0.16508142 -0.05851324    0.02947943 -0.04603129   -0.02947943  0.04603129
  0.02947943 -0.04603129   -0.16508142 -0.05851324   -0.02947943  0.04603129
 -0.02947943  0.04603129   -0.02947943  0.04603129   -0.16508142 -0.05851324
    2    2
  0.23116637  0.00000000    0.02113986  0.00000000   -0.02113986  0.00000000
  0.02113986  0.00000000    0.23116637  0.00000000   -0.02113986  0.00000000
 -0.02113986  0.00000000   -0.02113986  0.00000000    0.23116637  0.00000000

     Dynamical  Matrix in cartesian axes

     q = (    0.250000000   0.250000000   0.250000000 ) 

    1    1
  0.23199950  0.00000000    0.02546538  0.00000000    0.02546538  0.00000000
  0.02546538  0.00000000    0.23199950  0.00000000    0.02546538  0.00000000
  0.02546538  0.00000000    0.02546538  0.00000000    0.23199950  0.00000000
    1    2
 -0.05851324  0.16508142   -0.04603129 -0.02947943   -0.04603129 -0.02947943
 -0.04603129 -0.02947943   -0.05851324  0.16508142   -0.04603129 -0.02947943
 -0.04603129 -0.02947943   -0.04603129 -0.02947943   -0.05851324  0.16508142
    2    1
 -0.05851324 -0.16508142   -0.04603129  0.02947943   -0.04603129  0.02947943
 -0.04603129  0.02947943   -0.05851324 -0.16508142   -0.04603129  0.02947943
 -0.04603129  0.02947943   -0.04603129  0.02947943   -0.05851324 -0.16508142
    2    2
  0.23116637  0.00000000    0.02113986  0.00000000    0.02113986  0.00000000
  0.02113986  0.00000000    0.23116637  0.00000000    0.02113986  0.00000000
  0.02113986  0.00000000    0.02113986  0.00000000    0.23116637  0.00000000

     Dynamical  Matrix in cartesian axes

     q = (   -0.250000000  -0.250000000  -0.250000000 ) 

    1    1
  0.23199950  0.00000000    0.02546538  0.00000000    0.02546538  0.00000000
  0.02546538  0.00000000    0.23199950  0.00000000    0.02546538  0.00000000
  0.02546538  0.00000000    0.02546538  0.00000000    0.23199950  0.00000000
    1    2
 -0.05851324 -0.16508142   -0.04603129  0.02947943   -0.04603129  0.02947943
 -0.04603129  0.02947943   -0.05851324 -0.16508142   -0.04603129  0.02947943
 -0.04603129  0.02947943   -0.04603129  0.02947943   -0.05851324 -0.16508142
    2    1
 -0.05851324  0.16508142   -0.04603129 -0.02947943   -0.04603129 -0.02947943
 -0.04603129 -0.02947943   -0.05851324  0.16508142   -0.04603129 -0.02947943
 -0.04603129 -0.02947943   -0.04603129 -0.02947943   -0.05851324  0.16508142
    2    2
  0.23116637  0.00000000    0.02113986  0.00000000    0.02113986  0.00000000
  0.02113986  0.00000000    0.23116637  0.00000000    0.02113986  0.00000000
  0.02113986  0.00000000    0.02113986  0.00000000    0.23116637  0.00000000

     Diagonalizing the dynamical matrix

     q = (   -0.250000000   0.250000000  -0.250000000 ) 

 **************************************************************************
     freq (    1) =       1.758471 [THz] =      58.656263 [cm-1]
 (  0.561474  0.047016  0.202389  0.023979 -0.359086 -0.023037 ) 
 (  0.576472  0.011228  0.208256  0.011228 -0.368217  0.000000 ) 
     freq (    2) =       1.758471 [THz] =      58.656263 [cm-1]
 (  0.089275  0.014659  0.531284  0.043016  0.442009  0.028357 ) 
 (  0.092131  0.009121  0.545379  0.009121  0.453248  0.000000 ) 
     freq (    3) =       4.535274 [THz] =     151.280441 [cm-1]
 (  0.204547  0.290229 -0.204547 -0.290229  0.204547  0.290229 ) 
 (  0.455259 -0.000000 -0.455259  0.000000  0.455259  0.000000 ) 
     freq (    4) =      11.004439 [THz] =     367.068584 [cm-1]
 (  0.054440 -0.291089 -0.560077 -0.330513 -0.614517 -0.039424 ) 
 ( -0.012560  0.103453  0.204138  0.103453  0.216699  0.000000 ) 
     freq (    5) =      11.004439 [THz] =     367.068584 [cm-1]
 ( -0.567354 -0.428506 -0.105681 -0.398887  0.461673  0.029618 ) 
 (  0.208902  0.137703  0.046101  0.137703 -0.162801  0.000000 ) 
     freq (    6) =      12.136599 [THz] =     404.833377 [cm-1]
 (  0.320210  0.454342 -0.320210 -0.454342  0.320210  0.454342 ) 
 ( -0.156116  0.000000  0.156116 -0.000000 -0.156116  0.000000 ) 
 **************************************************************************
