Dynamical matrix file
Phonons on a uniform q-grid                                                
  2    2  2 10.5000000  0.0000000  0.0000000  0.0000000  0.0000000  0.0000000
           1  'Al  '    24590.7656527287     
           2  'As  '    68285.4026205499     
    1    1      0.0000000000      0.0000000000      0.0000000000
    2    2      0.2500000000      0.2500000000      0.2500000000

     Dynamical  Matrix in cartesian axes

     q = (    0.500000000   0.000000000   0.500000000 ) 

    1    1
  0.21971882  0.00000000    0.00000000 -0.01747068    0.01848483  0.00000000
 -0.00000000  0.01747068    0.23136667  0.00000000    0.00000000  0.01747068
  0.01848483  0.00000000    0.00000000 -0.01747068    0.21971882  0.00000000
    1    2
 -0.00000000  0.10681271   -0.07538059  0.00000000   -0.00000000 -0.07068422
 -0.09217049 -0.00000000   -0.00000000  0.10842939   -0.09217049 -0.00000000
  0.00000000 -0.07068422   -0.07538059  0.00000000   -0.00000000  0.10681271
    2    1
 -0.00000000 -0.10681271   -0.09217049  0.00000000   -0.00000000  0.07068422
 -0.07538059  0.00000000   -0.00000000 -0.10842939   -0.07538059  0.00000000
  0.00000000  0.07068422   -0.09217049  0.00000000   -0.00000000 -0.10681271
    2    2
  0.23490729  0.00000000    0.00000000 -0.01308460    0.02647054  0.00000000
 -0.00000000  0.01308460    0.24382534  0.00000000   -0.00000000  0.01308460
  0.02647054  0.00000000    0.00000000 -0.01308460    0.23490729  0.00000000

     Dynamical  Matrix in cartesian axes

     q = (   -0.500000000   0.000000000  -0.500000000 ) 

    1    1
  0.21971882  0.00000000    0.00000000  0.01747068    0.01848483  0.00000000
 -0.00000000 -0.01747068    0.23136667  0.00000000    0.00000000 -0.01747068
  0.01848483  0.00000000    0.00000000  0.01747068    0.21971882  0.00000000
    1    2
  0.00000000 -0.10681271   -0.07538059  0.00000000    0.00000000  0.07068422
 -0.09217049  0.00000000   -0.00000000 -0.10842939   -0.09217049  0.00000000
  0.00000000  0.07068422   -0.07538059  0.00000000    0.00000000 -0.10681271
    2    1
  0.00000000  0.10681271   -0.09217049 -0.00000000    0.00000000 -0.07068422
 -0.07538059 -0.00000000   -0.00000000  0.10842939   -0.07538059 -0.00000000
  0.00000000 -0.07068422   -0.09217049 -0.00000000    0.00000000  0.10681271
    2    2
  0.23490729  0.00000000    0.00000000  0.01308460    0.02647054  0.00000000
 -0.00000000 -0.01308460    0.24382534  0.00000000   -0.00000000 -0.01308460
  0.02647054  0.00000000    0.00000000  0.01308460    0.23490729  0.00000000

     Dynamical  Matrix in cartesian axes

     q = (    0.000000000  -0.500000000   0.500000000 ) 

    1    1
  0.23136667  0.00000000   -0.00000000  0.01747068    0.00000000 -0.01747068
  0.00000000 -0.01747068    0.21971882  0.00000000   -0.01848483  0.00000000
  0.00000000  0.01747068   -0.01848483  0.00000000    0.21971882  0.00000000
    1    2
 -0.10842939 -0.00000000    0.00000000 -0.09217049   -0.00000000  0.09217049
 -0.00000000 -0.07538059   -0.10681271 -0.00000000   -0.07068422  0.00000000
  0.00000000  0.07538059   -0.07068422  0.00000000   -0.10681271 -0.00000000
    2    1
 -0.10842939  0.00000000    0.00000000  0.07538059   -0.00000000 -0.07538059
  0.00000000  0.09217049   -0.10681271  0.00000000   -0.07068422 -0.00000000
 -0.00000000 -0.09217049   -0.07068422 -0.00000000   -0.10681271  0.00000000
    2    2
  0.24382534  0.00000000   -0.00000000  0.01308460    0.00000000 -0.01308460
  0.00000000 -0.01308460    0.23490729  0.00000000   -0.02647054  0.00000000
 -0.00000000  0.01308460   -0.02647054  0.00000000    0.23490729  0.00000000

     Dynamical  Matrix in cartesian axes

     q = (   -0.500000000   0.000000000   0.500000000 ) 

    1    1
  0.21971882  0.00000000   -0.00000000 -0.01747068   -0.01848483  0.00000000
  0.00000000  0.01747068    0.23136667  0.00000000    0.00000000 -0.01747068
 -0.01848483  0.00000000   -0.00000000  0.01747068    0.21971882  0.00000000
    1    2
 -0.10681271 -0.00000000   -0.00000000 -0.07538059   -0.07068422  0.00000000
  0.00000000 -0.09217049   -0.10842939 -0.00000000    0.00000000  0.09217049
 -0.07068422  0.00000000    0.00000000  0.07538059   -0.10681271  0.00000000
    2    1
 -0.10681271  0.00000000    0.00000000  0.09217049   -0.07068422 -0.00000000
  0.00000000  0.07538059   -0.10842939  0.00000000   -0.00000000 -0.07538059
 -0.07068422 -0.00000000    0.00000000 -0.09217049   -0.10681271  0.00000000
    2    2
  0.23490729  0.00000000    0.00000000 -0.01308460   -0.02647054  0.00000000
 -0.00000000  0.01308460    0.24382534  0.00000000   -0.00000000 -0.01308460
 -0.02647054  0.00000000    0.00000000  0.01308460    0.23490729  0.00000000

     Dynamical  Matrix in cartesian axes

     q = (    0.500000000   0.000000000  -0.500000000 ) 

    1    1
  0.21971882  0.00000000   -0.00000000  0.01747068   -0.01848483  0.00000000
  0.00000000 -0.01747068    0.23136667  0.00000000    0.00000000  0.01747068
 -0.01848483  0.00000000   -0.00000000 -0.01747068    0.21971882  0.00000000
    1    2
 -0.10681271 -0.00000000    0.00000000  0.07538059   -0.07068422  0.00000000
  0.00000000  0.09217049   -0.10842939  0.00000000    0.00000000 -0.09217049
 -0.07068422  0.00000000   -0.00000000 -0.07538059   -0.10681271 -0.00000000
    2    1
 -0.10681271  0.00000000   -0.00000000 -0.09217049   -0.07068422  0.00000000
 -0.00000000 -0.07538059   -0.10842939  0.00000000    0.00000000  0.07538059
 -0.07068422 -0.00000000    0.00000000  0.09217049   -0.10681271  0.00000000
    2    2
  0.23490729  0.00000000    0.00000000  0.01308460   -0.02647054  0.00000000
 -0.00000000 -0.01308460    0.24382534  0.00000000   -0.00000000  0.01308460
 -0.02647054  0.00000000    0.00000000 -0.01308460    0.23490729  0.00000000

     Dynamical  Matrix in cartesian axes

     q = (    0.500000000   0.500000000   0.000000000 ) 

    1    1
  0.21971882  0.00000000    0.01848483  0.00000000    0.00000000 -0.01747068
  0.01848483  0.00000000    0.21971882  0.00000000    0.00000000 -0.01747068
  0.00000000  0.01747068   -0.00000000  0.01747068    0.23136667  0.00000000
    1    2
 -0.00000000  0.10681271   -0.00000000 -0.07068422   -0.07538059  0.00000000
  0.00000000 -0.07068422   -0.00000000  0.10681271   -0.07538059  0.00000000
 -0.09217049  0.00000000   -0.09217049  0.00000000   -0.00000000  0.10842939
    2    1
 -0.00000000 -0.10681271   -0.00000000  0.07068422   -0.09217049  0.00000000
  0.00000000  0.07068422   -0.00000000 -0.10681271   -0.09217049  0.00000000
 -0.07538059  0.00000000   -0.07538059  0.00000000   -0.00000000 -0.10842939
    2    2
  0.23490729  0.00000000    0.02647054  0.00000000   -0.00000000 -0.01308460
  0.02647054  0.00000000    0.23490729  0.00000000   -0.00000000 -0.01308460
  0.00000000  0.01308460    0.00000000  0.01308460    0.24382534  0.00000000

     Dynamical  Matrix in cartesian axes

     q = (   -0.500000000  -0.500000000   0.000000000 ) 

    1    1
  0.21971882  0.00000000    0.01848483  0.00000000    0.00000000  0.01747068
  0.01848483  0.00000000    0.21971882  0.00000000    0.00000000  0.01747068
  0.00000000 -0.01747068   -0.00000000 -0.01747068    0.23136667  0.00000000
    1    2
  0.00000000 -0.10681271    0.00000000  0.07068422   -0.07538059  0.00000000
  0.00000000  0.07068422   -0.00000000 -0.10681271   -0.07538059  0.00000000
 -0.09217049  0.00000000   -0.09217049 -0.00000000   -0.00000000 -0.10842939
    2    1
  0.00000000  0.10681271    0.00000000 -0.07068422   -0.09217049  0.00000000
  0.00000000 -0.07068422   -0.00000000  0.10681271   -0.09217049  0.00000000
 -0.07538059  0.00000000   -0.07538059  0.00000000   -0.00000000  0.10842939
    2    2
  0.23490729  0.00000000    0.02647054  0.00000000   -0.00000000  0.01308460
  0.02647054  0.00000000    0.23490729  0.00000000   -0.00000000  0.01308460
  0.00000000 -0.01308460    0.00000000 -0.01308460    0.24382534  0.00000000

     Dynamical  Matrix in cartesian axes

     q = (   -0.500000000   0.500000000   0.000000000 ) 

    1    1
  0.21971882  0.00000000   -0.01848483  0.00000000    0.00000000 -0.01747068
 -0.01848483  0.00000000    0.21971882  0.00000000    0.00000000  0.01747068
  0.00000000  0.01747068    0.00000000 -0.01747068    0.23136667  0.00000000
    1    2
 -0.10681271 -0.00000000   -0.07068422  0.00000000   -0.00000000 -0.07538059
 -0.07068422  0.00000000   -0.10681271 -0.00000000    0.00000000  0.07538059
 -0.00000000 -0.09217049    0.00000000  0.09217049   -0.10842939 -0.00000000
    2    1
 -0.10681271  0.00000000   -0.07068422 -0.00000000    0.00000000  0.09217049
 -0.07068422 -0.00000000   -0.10681271 -0.00000000   -0.00000000 -0.09217049
  0.00000000  0.07538059   -0.00000000 -0.07538059   -0.10842939  0.00000000
    2    2
  0.23490729  0.00000000   -0.02647054  0.00000000   -0.00000000 -0.01308460
 -0.02647054  0.00000000    0.23490729  0.00000000   -0.00000000  0.01308460
  0.00000000  0.01308460    0.00000000 -0.01308460    0.24382534  0.00000000

     Dynamical  Matrix in cartesian axes

     q = (    0.000000000   0.500000000   0.500000000 ) 

    1    1
  0.23136667  0.00000000    0.00000000  0.01747068    0.00000000  0.01747068
 -0.00000000 -0.01747068    0.21971882  0.00000000    0.01848483  0.00000000
  0.00000000 -0.01747068    0.01848483  0.00000000    0.21971882  0.00000000
    1    2
 -0.00000000  0.10842939   -0.09217049 -0.00000000   -0.09217049 -0.00000000
 -0.07538059  0.00000000    0.00000000  0.10681271   -0.00000000 -0.07068422
 -0.07538059  0.00000000    0.00000000 -0.07068422   -0.00000000  0.10681271
    2    1
 -0.00000000 -0.10842939   -0.07538059  0.00000000   -0.07538059  0.00000000
 -0.09217049  0.00000000    0.00000000 -0.10681271    0.00000000  0.07068422
 -0.09217049  0.00000000   -0.00000000  0.07068422   -0.00000000 -0.10681271
    2    2
  0.24382534  0.00000000   -0.00000000  0.01308460    0.00000000  0.01308460
  0.00000000 -0.01308460    0.23490729  0.00000000    0.02647054  0.00000000
 -0.00000000 -0.01308460    0.02647054  0.00000000    0.23490729  0.00000000

     Dynamical  Matrix in cartesian axes

     q = (    0.000000000   0.500000000  -0.500000000 ) 

    1    1
  0.23136667  0.00000000   -0.00000000 -0.01747068    0.00000000  0.01747068
  0.00000000  0.01747068    0.21971882  0.00000000   -0.01848483  0.00000000
  0.00000000 -0.01747068   -0.01848483  0.00000000    0.21971882  0.00000000
    1    2
 -0.10842939 -0.00000000    0.00000000  0.09217049    0.00000000 -0.09217049
  0.00000000  0.07538059   -0.10681271 -0.00000000   -0.07068422  0.00000000
  0.00000000 -0.07538059   -0.07068422  0.00000000   -0.10681271 -0.00000000
    2    1
 -0.10842939  0.00000000   -0.00000000 -0.07538059    0.00000000  0.07538059
 -0.00000000 -0.09217049   -0.10681271  0.00000000   -0.07068422 -0.00000000
  0.00000000  0.09217049   -0.07068422 -0.00000000   -0.10681271  0.00000000
    2    2
  0.24382534  0.00000000   -0.00000000 -0.01308460    0.00000000  0.01308460
  0.00000000  0.01308460    0.23490729  0.00000000   -0.02647054  0.00000000
 -0.00000000 -0.01308460   -0.02647054  0.00000000    0.23490729  0.00000000

     Dynamical  Matrix in cartesian axes

     q = (    0.000000000  -0.500000000  -0.500000000 ) 

    1    1
  0.23136667  0.00000000    0.00000000 -0.01747068    0.00000000 -0.01747068
 -0.00000000  0.01747068    0.21971882  0.00000000    0.01848483  0.00000000
  0.00000000  0.01747068    0.01848483  0.00000000    0.21971882  0.00000000
    1    2
  0.00000000 -0.10842939   -0.09217049  0.00000000   -0.09217049  0.00000000
 -0.07538059  0.00000000   -0.00000000 -0.10681271    0.00000000  0.07068422
 -0.07538059  0.00000000    0.00000000  0.07068422   -0.00000000 -0.10681271
    2    1
  0.00000000  0.10842939   -0.07538059  0.00000000   -0.07538059  0.00000000
 -0.09217049  0.00000000   -0.00000000  0.10681271    0.00000000 -0.07068422
 -0.09217049  0.00000000    0.00000000 -0.07068422    0.00000000  0.10681271
    2    2
  0.24382534  0.00000000   -0.00000000 -0.01308460    0.00000000 -0.01308460
  0.00000000  0.01308460    0.23490729  0.00000000    0.02647054  0.00000000
 -0.00000000  0.01308460    0.02647054  0.00000000    0.23490729  0.00000000

     Dynamical  Matrix in cartesian axes

     q = (    0.500000000  -0.500000000   0.000000000 ) 

    1    1
  0.21971882  0.00000000   -0.01848483  0.00000000    0.00000000  0.01747068
 -0.01848483  0.00000000    0.21971882  0.00000000    0.00000000 -0.01747068
  0.00000000 -0.01747068    0.00000000  0.01747068    0.23136667  0.00000000
    1    2
 -0.10681271 -0.00000000   -0.07068422  0.00000000    0.00000000  0.07538059
 -0.07068422  0.00000000   -0.10681271  0.00000000   -0.00000000 -0.07538059
 -0.00000000  0.09217049    0.00000000 -0.09217049   -0.10842939 -0.00000000
    2    1
 -0.10681271  0.00000000   -0.07068422 -0.00000000   -0.00000000 -0.09217049
 -0.07068422 -0.00000000   -0.10681271  0.00000000    0.00000000  0.09217049
 -0.00000000 -0.07538059    0.00000000  0.07538059   -0.10842939  0.00000000
    2    2
  0.23490729  0.00000000   -0.02647054  0.00000000   -0.00000000  0.01308460
 -0.02647054  0.00000000    0.23490729  0.00000000   -0.00000000 -0.01308460
  0.00000000 -0.01308460    0.00000000  0.01308460    0.24382534  0.00000000

     Diagonalizing the dynamical matrix

     q = (    0.500000000   0.000000000   0.500000000 ) 

 **************************************************************************
     freq (    1) =       2.513303 [THz] =      83.834762 [cm-1]
 (  0.000000  0.486960 -0.000000  0.000000  0.000000 -0.486960 ) 
 ( -0.512708  0.000000  0.000000 -0.000000  0.512708  0.000000 ) 
     freq (    2) =       3.825332 [THz] =     127.599356 [cm-1]
 ( -0.000000 -0.246468 -0.605216 -0.000000 -0.000000 -0.246468 ) 
 ( -0.227837 -0.000000 -0.000000 -0.639063 -0.227837  0.000000 ) 
     freq (    3) =       5.428274 [THz] =     181.067719 [cm-1]
 ( -0.000000 -0.268920  0.285265  0.000000 -0.000000 -0.268920 ) 
 (  0.548911 -0.000000 -0.000000 -0.413982  0.548911  0.000000 ) 
     freq (    4) =      10.719627 [THz] =     357.568265 [cm-1]
 ( -0.000000  0.653429  0.273132  0.000000 -0.000000  0.653429 ) 
 ( -0.010912 -0.000000  0.000000 -0.266874 -0.010912  0.000000 ) 
     freq (    5) =      10.737249 [THz] =     358.156059 [cm-1]
 ( -0.000000 -0.669054  0.000000  0.000000 -0.000000  0.669054 ) 
 ( -0.228838 -0.000000  0.000000 -0.000000  0.228838  0.000000 ) 
     freq (    6) =      11.301958 [THz] =     376.992740 [cm-1]
 (  0.000000  0.257464 -0.892589  0.000000 -0.000000  0.257464 ) 
 (  0.170837 -0.000000  0.000000  0.111083  0.170837  0.000000 ) 
 **************************************************************************
