Dynamical matrix file
Phonons on a uniform q-grid                                                
  1    2  2 10.2000000  0.0000000  0.0000000  0.0000000  0.0000000  0.0000000
           1  'Si  '    25598.3672624059     
    1    1      0.0000000000      0.0000000000      0.0000000000
    2    1      0.2500000000      0.2500000000      0.2500000000

     Dynamical  Matrix in cartesian axes

     q = (    0.750000000  -0.250000000   0.750000000 ) 

    1    1
  0.26438420  0.00000000   -0.00721787  0.00843141    0.00703624  0.00000000
 -0.00721787 -0.00843141    0.31713034  0.00000000   -0.00721787 -0.00843141
  0.00703624  0.00000000   -0.00721787  0.00843141    0.26438420  0.00000000
    1    2
 -0.06403130  0.06528550   -0.04509996  0.04780051   -0.04560471 -0.14913880
 -0.04509996  0.04780051   -0.06206009  0.08372847   -0.04509996  0.04780051
 -0.04560471 -0.14913880   -0.04509996  0.04780051   -0.06403130  0.06528550
    2    1
 -0.06403130 -0.06528550   -0.04509996 -0.04780051   -0.04560471  0.14913880
 -0.04509996 -0.04780051   -0.06206009 -0.08372847   -0.04509996 -0.04780051
 -0.04560471  0.14913880   -0.04509996 -0.04780051   -0.06403130 -0.06528550
    2    2
  0.26438420  0.00000000   -0.00721787 -0.00843141    0.00703624  0.00000000
 -0.00721787  0.00843141    0.31713034  0.00000000   -0.00721787  0.00843141
  0.00703624  0.00000000   -0.00721787 -0.00843141    0.26438420  0.00000000

     Dynamical  Matrix in cartesian axes

     q = (    0.750000000  -0.250000000  -0.750000000 ) 

    1    1
  0.26438420  0.00000000   -0.00721787 -0.00843141   -0.00703624  0.00000000
 -0.00721787  0.00843141    0.31713034  0.00000000    0.00721787 -0.00843141
 -0.00703624  0.00000000    0.00721787  0.00843141    0.26438420  0.00000000
    1    2
 -0.06528550  0.06403130   -0.04780051  0.04509996   -0.14913880 -0.04560471
 -0.04780051  0.04509996   -0.08372847  0.06206009    0.04780051 -0.04509996
 -0.14913880 -0.04560471    0.04780051 -0.04509996   -0.06528550  0.06403130
    2    1
 -0.06528550 -0.06403130   -0.04780051 -0.04509996   -0.14913880  0.04560471
 -0.04780051 -0.04509996   -0.08372847 -0.06206009    0.04780051  0.04509996
 -0.14913880  0.04560471    0.04780051  0.04509996   -0.06528550 -0.06403130
    2    2
  0.26438420  0.00000000   -0.00721787  0.00843141   -0.00703624  0.00000000
 -0.00721787 -0.00843141    0.31713034  0.00000000    0.00721787  0.00843141
 -0.00703624  0.00000000    0.00721787 -0.00843141    0.26438420  0.00000000

     Dynamical  Matrix in cartesian axes

     q = (   -0.750000000  -0.250000000  -0.750000000 ) 

    1    1
  0.26438420  0.00000000    0.00721787 -0.00843141    0.00703624  0.00000000
  0.00721787  0.00843141    0.31713034  0.00000000    0.00721787  0.00843141
  0.00703624  0.00000000    0.00721787 -0.00843141    0.26438420  0.00000000
    1    2
  0.06528550  0.06403130   -0.04780051 -0.04509996   -0.14913880  0.04560471
 -0.04780051 -0.04509996    0.08372847  0.06206009   -0.04780051 -0.04509996
 -0.14913880  0.04560471   -0.04780051 -0.04509996    0.06528550  0.06403130
    2    1
  0.06528550 -0.06403130   -0.04780051  0.04509996   -0.14913880 -0.04560471
 -0.04780051  0.04509996    0.08372847 -0.06206009   -0.04780051  0.04509996
 -0.14913880 -0.04560471   -0.04780051  0.04509996    0.06528550 -0.06403130
    2    2
  0.26438420  0.00000000    0.00721787  0.00843141    0.00703624  0.00000000
  0.00721787 -0.00843141    0.31713034  0.00000000    0.00721787 -0.00843141
  0.00703624  0.00000000    0.00721787  0.00843141    0.26438420  0.00000000

     Dynamical  Matrix in cartesian axes

     q = (   -0.750000000  -0.250000000   0.750000000 ) 

    1    1
  0.26438420  0.00000000    0.00721787  0.00843141   -0.00703624  0.00000000
  0.00721787 -0.00843141    0.31713034  0.00000000   -0.00721787  0.00843141
 -0.00703624  0.00000000   -0.00721787 -0.00843141    0.26438420  0.00000000
    1    2
 -0.06528550  0.06403130    0.04780051 -0.04509996   -0.14913880 -0.04560471
  0.04780051 -0.04509996   -0.08372847  0.06206009   -0.04780051  0.04509996
 -0.14913880 -0.04560471   -0.04780051  0.04509996   -0.06528550  0.06403130
    2    1
 -0.06528550 -0.06403130    0.04780051  0.04509996   -0.14913880  0.04560471
  0.04780051  0.04509996   -0.08372847 -0.06206009   -0.04780051 -0.04509996
 -0.14913880  0.04560471   -0.04780051 -0.04509996   -0.06528550 -0.06403130
    2    2
  0.26438420  0.00000000    0.00721787 -0.00843141   -0.00703624  0.00000000
  0.00721787  0.00843141    0.31713034  0.00000000   -0.00721787 -0.00843141
 -0.00703624  0.00000000   -0.00721787  0.00843141    0.26438420  0.00000000

     Dynamical  Matrix in cartesian axes

     q = (   -0.750000000   0.250000000  -0.750000000 ) 

    1    1
  0.26438420  0.00000000   -0.00721787 -0.00843141    0.00703624  0.00000000
 -0.00721787  0.00843141    0.31713034  0.00000000   -0.00721787  0.00843141
  0.00703624  0.00000000   -0.00721787 -0.00843141    0.26438420  0.00000000
    1    2
 -0.06403130 -0.06528550   -0.04509996 -0.04780051   -0.04560471  0.14913880
 -0.04509996 -0.04780051   -0.06206009 -0.08372847   -0.04509996 -0.04780051
 -0.04560471  0.14913880   -0.04509996 -0.04780051   -0.06403130 -0.06528550
    2    1
 -0.06403130  0.06528550   -0.04509996  0.04780051   -0.04560471 -0.14913880
 -0.04509996  0.04780051   -0.06206009  0.08372847   -0.04509996  0.04780051
 -0.04560471 -0.14913880   -0.04509996  0.04780051   -0.06403130  0.06528550
    2    2
  0.26438420  0.00000000   -0.00721787  0.00843141    0.00703624  0.00000000
 -0.00721787 -0.00843141    0.31713034  0.00000000   -0.00721787 -0.00843141
  0.00703624  0.00000000   -0.00721787  0.00843141    0.26438420  0.00000000

     Dynamical  Matrix in cartesian axes

     q = (   -0.250000000   0.750000000  -0.750000000 ) 

    1    1
  0.31713034  0.00000000   -0.00721787  0.00843141    0.00721787 -0.00843141
 -0.00721787 -0.00843141    0.26438420  0.00000000   -0.00703624  0.00000000
  0.00721787  0.00843141   -0.00703624  0.00000000    0.26438420  0.00000000
    1    2
 -0.08372847  0.06206009   -0.04780051  0.04509996    0.04780051 -0.04509996
 -0.04780051  0.04509996   -0.06528550  0.06403130   -0.14913880 -0.04560471
  0.04780051 -0.04509996   -0.14913880 -0.04560471   -0.06528550  0.06403130
    2    1
 -0.08372847 -0.06206009   -0.04780051 -0.04509996    0.04780051  0.04509996
 -0.04780051 -0.04509996   -0.06528550 -0.06403130   -0.14913880  0.04560471
  0.04780051  0.04509996   -0.14913880  0.04560471   -0.06528550 -0.06403130
    2    2
  0.31713034  0.00000000   -0.00721787 -0.00843141    0.00721787  0.00843141
 -0.00721787  0.00843141    0.26438420  0.00000000   -0.00703624  0.00000000
  0.00721787 -0.00843141   -0.00703624  0.00000000    0.26438420  0.00000000

     Dynamical  Matrix in cartesian axes

     q = (   -0.750000000   0.750000000  -0.250000000 ) 

    1    1
  0.26438420  0.00000000   -0.00703624  0.00000000    0.00721787  0.00843141
 -0.00703624  0.00000000    0.26438420  0.00000000   -0.00721787 -0.00843141
  0.00721787 -0.00843141   -0.00721787  0.00843141    0.31713034  0.00000000
    1    2
 -0.06528550  0.06403130   -0.14913880 -0.04560471    0.04780051 -0.04509996
 -0.14913880 -0.04560471   -0.06528550  0.06403130   -0.04780051  0.04509996
  0.04780051 -0.04509996   -0.04780051  0.04509996   -0.08372847  0.06206009
    2    1
 -0.06528550 -0.06403130   -0.14913880  0.04560471    0.04780051  0.04509996
 -0.14913880  0.04560471   -0.06528550 -0.06403130   -0.04780051 -0.04509996
  0.04780051  0.04509996   -0.04780051 -0.04509996   -0.08372847 -0.06206009
    2    2
  0.26438420  0.00000000   -0.00703624  0.00000000    0.00721787 -0.00843141
 -0.00703624  0.00000000    0.26438420  0.00000000   -0.00721787  0.00843141
  0.00721787  0.00843141   -0.00721787 -0.00843141    0.31713034  0.00000000

     Dynamical  Matrix in cartesian axes

     q = (    0.750000000   0.250000000   0.750000000 ) 

    1    1
  0.26438420  0.00000000    0.00721787  0.00843141    0.00703624  0.00000000
  0.00721787 -0.00843141    0.31713034  0.00000000    0.00721787 -0.00843141
  0.00703624  0.00000000    0.00721787  0.00843141    0.26438420  0.00000000
    1    2
  0.06528550 -0.06403130   -0.04780051  0.04509996   -0.14913880 -0.04560471
 -0.04780051  0.04509996    0.08372847 -0.06206009   -0.04780051  0.04509996
 -0.14913880 -0.04560471   -0.04780051  0.04509996    0.06528550 -0.06403130
    2    1
  0.06528550  0.06403130   -0.04780051 -0.04509996   -0.14913880  0.04560471
 -0.04780051 -0.04509996    0.08372847  0.06206009   -0.04780051 -0.04509996
 -0.14913880  0.04560471   -0.04780051 -0.04509996    0.06528550  0.06403130
    2    2
  0.26438420  0.00000000    0.00721787 -0.00843141    0.00703624  0.00000000
  0.00721787  0.00843141    0.31713034  0.00000000    0.00721787  0.00843141
  0.00703624  0.00000000    0.00721787 -0.00843141    0.26438420  0.00000000

     Dynamical  Matrix in cartesian axes

     q = (   -0.750000000   0.250000000   0.750000000 ) 

    1    1
  0.26438420  0.00000000   -0.00721787  0.00843141   -0.00703624  0.00000000
 -0.00721787 -0.00843141    0.31713034  0.00000000    0.00721787  0.00843141
 -0.00703624  0.00000000    0.00721787 -0.00843141    0.26438420  0.00000000
    1    2
 -0.06528550 -0.06403130   -0.04780051 -0.04509996   -0.14913880  0.04560471
 -0.04780051 -0.04509996   -0.08372847 -0.06206009    0.04780051  0.04509996
 -0.14913880  0.04560471    0.04780051  0.04509996   -0.06528550 -0.06403130
    2    1
 -0.06528550  0.06403130   -0.04780051  0.04509996   -0.14913880 -0.04560471
 -0.04780051  0.04509996   -0.08372847  0.06206009    0.04780051 -0.04509996
 -0.14913880 -0.04560471    0.04780051 -0.04509996   -0.06528550  0.06403130
    2    2
  0.26438420  0.00000000   -0.00721787 -0.00843141   -0.00703624  0.00000000
 -0.00721787  0.00843141    0.31713034  0.00000000    0.00721787 -0.00843141
 -0.00703624  0.00000000    0.00721787  0.00843141    0.26438420  0.00000000

     Dynamical  Matrix in cartesian axes

     q = (    0.750000000   0.250000000  -0.750000000 ) 

    1    1
  0.26438420  0.00000000    0.00721787 -0.00843141   -0.00703624  0.00000000
  0.00721787  0.00843141    0.31713034  0.00000000   -0.00721787 -0.00843141
 -0.00703624  0.00000000   -0.00721787  0.00843141    0.26438420  0.00000000
    1    2
 -0.06528550 -0.06403130    0.04780051  0.04509996   -0.14913880  0.04560471
  0.04780051  0.04509996   -0.08372847 -0.06206009   -0.04780051 -0.04509996
 -0.14913880  0.04560471   -0.04780051 -0.04509996   -0.06528550 -0.06403130
    2    1
 -0.06528550  0.06403130    0.04780051 -0.04509996   -0.14913880 -0.04560471
  0.04780051 -0.04509996   -0.08372847  0.06206009   -0.04780051  0.04509996
 -0.14913880 -0.04560471   -0.04780051  0.04509996   -0.06528550  0.06403130
    2    2
  0.26438420  0.00000000    0.00721787  0.00843141   -0.00703624  0.00000000
  0.00721787 -0.00843141    0.31713034  0.00000000   -0.00721787  0.00843141
 -0.00703624  0.00000000   -0.00721787 -0.00843141    0.26438420  0.00000000

     Dynamical  Matrix in cartesian axes

     q = (   -0.750000000   0.750000000   0.250000000 ) 

    1    1
  0.26438420  0.00000000   -0.00703624  0.00000000   -0.00721787  0.00843141
 -0.00703624  0.00000000    0.26438420  0.00000000    0.00721787 -0.00843141
 -0.00721787 -0.00843141    0.00721787  0.00843141    0.31713034  0.00000000
    1    2
 -0.06528550 -0.06403130   -0.14913880  0.04560471   -0.04780051 -0.04509996
 -0.14913880  0.04560471   -0.06528550 -0.06403130    0.04780051  0.04509996
 -0.04780051 -0.04509996    0.04780051  0.04509996   -0.08372847 -0.06206009
    2    1
 -0.06528550  0.06403130   -0.14913880 -0.04560471   -0.04780051  0.04509996
 -0.14913880 -0.04560471   -0.06528550  0.06403130    0.04780051 -0.04509996
 -0.04780051  0.04509996    0.04780051 -0.04509996   -0.08372847  0.06206009
    2    2
  0.26438420  0.00000000   -0.00703624  0.00000000   -0.00721787 -0.00843141
 -0.00703624  0.00000000    0.26438420  0.00000000    0.00721787  0.00843141
 -0.00721787  0.00843141    0.00721787 -0.00843141    0.31713034  0.00000000

     Dynamical  Matrix in cartesian axes

     q = (   -0.250000000   0.750000000   0.750000000 ) 

    1    1
  0.31713034  0.00000000   -0.00721787 -0.00843141   -0.00721787 -0.00843141
 -0.00721787  0.00843141    0.26438420  0.00000000    0.00703624  0.00000000
 -0.00721787  0.00843141    0.00703624  0.00000000    0.26438420  0.00000000
    1    2
 -0.06206009  0.08372847   -0.04509996  0.04780051   -0.04509996  0.04780051
 -0.04509996  0.04780051   -0.06403130  0.06528550   -0.04560471 -0.14913880
 -0.04509996  0.04780051   -0.04560471 -0.14913880   -0.06403130  0.06528550
    2    1
 -0.06206009 -0.08372847   -0.04509996 -0.04780051   -0.04509996 -0.04780051
 -0.04509996 -0.04780051   -0.06403130 -0.06528550   -0.04560471  0.14913880
 -0.04509996 -0.04780051   -0.04560471  0.14913880   -0.06403130 -0.06528550
    2    2
  0.31713034  0.00000000   -0.00721787  0.00843141   -0.00721787  0.00843141
 -0.00721787 -0.00843141    0.26438420  0.00000000    0.00703624  0.00000000
 -0.00721787 -0.00843141    0.00703624  0.00000000    0.26438420  0.00000000

     Dynamical  Matrix in cartesian axes

     q = (    0.250000000   0.750000000  -0.750000000 ) 

    1    1
  0.31713034  0.00000000    0.00721787  0.00843141   -0.00721787 -0.00843141
  0.00721787 -0.00843141    0.26438420  0.00000000   -0.00703624  0.00000000
 -0.00721787  0.00843141   -0.00703624  0.00000000    0.26438420  0.00000000
    1    2
 -0.08372847 -0.06206009    0.04780051  0.04509996   -0.04780051 -0.04509996
  0.04780051  0.04509996   -0.06528550 -0.06403130   -0.14913880  0.04560471
 -0.04780051 -0.04509996   -0.14913880  0.04560471   -0.06528550 -0.06403130
    2    1
 -0.08372847  0.06206009    0.04780051 -0.04509996   -0.04780051  0.04509996
  0.04780051 -0.04509996   -0.06528550  0.06403130   -0.14913880 -0.04560471
 -0.04780051  0.04509996   -0.14913880 -0.04560471   -0.06528550  0.06403130
    2    2
  0.31713034  0.00000000    0.00721787 -0.00843141   -0.00721787  0.00843141
  0.00721787  0.00843141    0.26438420  0.00000000   -0.00703624  0.00000000
 -0.00721787 -0.00843141   -0.00703624  0.00000000    0.26438420  0.00000000

     Dynamical  Matrix in cartesian axes

     q = (   -0.250000000  -0.750000000  -0.750000000 ) 

    1    1
  0.31713034  0.00000000    0.00721787  0.00843141    0.00721787  0.00843141
  0.00721787 -0.00843141    0.26438420  0.00000000    0.00703624  0.00000000
  0.00721787 -0.00843141    0.00703624  0.00000000    0.26438420  0.00000000
    1    2
  0.08372847  0.06206009   -0.04780051 -0.04509996   -0.04780051 -0.04509996
 -0.04780051 -0.04509996    0.06528550  0.06403130   -0.14913880  0.04560471
 -0.04780051 -0.04509996   -0.14913880  0.04560471    0.06528550  0.06403130
    2    1
  0.08372847 -0.06206009   -0.04780051  0.04509996   -0.04780051  0.04509996
 -0.04780051  0.04509996    0.06528550 -0.06403130   -0.14913880 -0.04560471
 -0.04780051  0.04509996   -0.14913880 -0.04560471    0.06528550 -0.06403130
    2    2
  0.31713034  0.00000000    0.00721787 -0.00843141    0.00721787 -0.00843141
  0.00721787  0.00843141    0.26438420  0.00000000    0.00703624  0.00000000
  0.00721787  0.00843141    0.00703624  0.00000000    0.26438420  0.00000000

     Dynamical  Matrix in cartesian axes

     q = (    0.750000000   0.750000000  -0.250000000 ) 

    1    1
  0.26438420  0.00000000    0.00703624  0.00000000   -0.00721787  0.00843141
  0.00703624  0.00000000    0.26438420  0.00000000   -0.00721787  0.00843141
 -0.00721787 -0.00843141   -0.00721787 -0.00843141    0.31713034  0.00000000
    1    2
 -0.06403130  0.06528550   -0.04560471 -0.14913880   -0.04509996  0.04780051
 -0.04560471 -0.14913880   -0.06403130  0.06528550   -0.04509996  0.04780051
 -0.04509996  0.04780051   -0.04509996  0.04780051   -0.06206009  0.08372847
    2    1
 -0.06403130 -0.06528550   -0.04560471  0.14913880   -0.04509996 -0.04780051
 -0.04560471  0.14913880   -0.06403130 -0.06528550   -0.04509996 -0.04780051
 -0.04509996 -0.04780051   -0.04509996 -0.04780051   -0.06206009 -0.08372847
    2    2
  0.26438420  0.00000000    0.00703624  0.00000000   -0.00721787 -0.00843141
  0.00703624  0.00000000    0.26438420  0.00000000   -0.00721787 -0.00843141
 -0.00721787  0.00843141   -0.00721787  0.00843141    0.31713034  0.00000000

     Dynamical  Matrix in cartesian axes

     q = (    0.750000000  -0.750000000   0.250000000 ) 

    1    1
  0.26438420  0.00000000   -0.00703624  0.00000000    0.00721787 -0.00843141
 -0.00703624  0.00000000    0.26438420  0.00000000   -0.00721787  0.00843141
  0.00721787  0.00843141   -0.00721787 -0.00843141    0.31713034  0.00000000
    1    2
 -0.06528550 -0.06403130   -0.14913880  0.04560471    0.04780051  0.04509996
 -0.14913880  0.04560471   -0.06528550 -0.06403130   -0.04780051 -0.04509996
  0.04780051  0.04509996   -0.04780051 -0.04509996   -0.08372847 -0.06206009
    2    1
 -0.06528550  0.06403130   -0.14913880 -0.04560471    0.04780051 -0.04509996
 -0.14913880 -0.04560471   -0.06528550  0.06403130   -0.04780051  0.04509996
  0.04780051 -0.04509996   -0.04780051  0.04509996   -0.08372847  0.06206009
    2    2
  0.26438420  0.00000000   -0.00703624  0.00000000    0.00721787  0.00843141
 -0.00703624  0.00000000    0.26438420  0.00000000   -0.00721787 -0.00843141
  0.00721787 -0.00843141   -0.00721787  0.00843141    0.31713034  0.00000000

     Dynamical  Matrix in cartesian axes

     q = (   -0.750000000  -0.750000000  -0.250000000 ) 

    1    1
  0.26438420  0.00000000    0.00703624  0.00000000    0.00721787 -0.00843141
  0.00703624  0.00000000    0.26438420  0.00000000    0.00721787 -0.00843141
  0.00721787  0.00843141    0.00721787  0.00843141    0.31713034  0.00000000
    1    2
  0.06528550  0.06403130   -0.14913880  0.04560471   -0.04780051 -0.04509996
 -0.14913880  0.04560471    0.06528550  0.06403130   -0.04780051 -0.04509996
 -0.04780051 -0.04509996   -0.04780051 -0.04509996    0.08372847  0.06206009
    2    1
  0.06528550 -0.06403130   -0.14913880 -0.04560471   -0.04780051  0.04509996
 -0.14913880 -0.04560471    0.06528550 -0.06403130   -0.04780051  0.04509996
 -0.04780051  0.04509996   -0.04780051  0.04509996    0.08372847 -0.06206009
    2    2
  0.26438420  0.00000000    0.00703624  0.00000000    0.00721787  0.00843141
  0.00703624  0.00000000    0.26438420  0.00000000    0.00721787  0.00843141
  0.00721787 -0.00843141    0.00721787 -0.00843141    0.31713034  0.00000000

     Dynamical  Matrix in cartesian axes

     q = (    0.250000000  -0.750000000   0.750000000 ) 

    1    1
  0.31713034  0.00000000   -0.00721787 -0.00843141    0.00721787  0.00843141
 -0.00721787  0.00843141    0.26438420  0.00000000   -0.00703624  0.00000000
  0.00721787 -0.00843141   -0.00703624  0.00000000    0.26438420  0.00000000
    1    2
 -0.08372847 -0.06206009   -0.04780051 -0.04509996    0.04780051  0.04509996
 -0.04780051 -0.04509996   -0.06528550 -0.06403130   -0.14913880  0.04560471
  0.04780051  0.04509996   -0.14913880  0.04560471   -0.06528550 -0.06403130
    2    1
 -0.08372847  0.06206009   -0.04780051  0.04509996    0.04780051 -0.04509996
 -0.04780051  0.04509996   -0.06528550  0.06403130   -0.14913880 -0.04560471
  0.04780051 -0.04509996   -0.14913880 -0.04560471   -0.06528550  0.06403130
    2    2
  0.31713034  0.00000000   -0.00721787  0.00843141    0.00721787 -0.00843141
 -0.00721787 -0.00843141    0.26438420  0.00000000   -0.00703624  0.00000000
  0.00721787  0.00843141   -0.00703624  0.00000000    0.26438420  0.00000000

     Dynamical  Matrix in cartesian axes

     q = (   -0.750000000  -0.750000000   0.250000000 ) 

    1    1
  0.26438420  0.00000000    0.00703624  0.00000000   -0.00721787 -0.00843141
  0.00703624  0.00000000    0.26438420  0.00000000   -0.00721787 -0.00843141
 -0.00721787  0.00843141   -0.00721787  0.00843141    0.31713034  0.00000000
    1    2
 -0.06403130 -0.06528550   -0.04560471  0.14913880   -0.04509996 -0.04780051
 -0.04560471  0.14913880   -0.06403130 -0.06528550   -0.04509996 -0.04780051
 -0.04509996 -0.04780051   -0.04509996 -0.04780051   -0.06206009 -0.08372847
    2    1
 -0.06403130  0.06528550   -0.04560471 -0.14913880   -0.04509996  0.04780051
 -0.04560471 -0.14913880   -0.06403130  0.06528550   -0.04509996  0.04780051
 -0.04509996  0.04780051   -0.04509996  0.04780051   -0.06206009  0.08372847
    2    2
  0.26438420  0.00000000    0.00703624  0.00000000   -0.00721787  0.00843141
  0.00703624  0.00000000    0.26438420  0.00000000   -0.00721787  0.00843141
 -0.00721787 -0.00843141   -0.00721787 -0.00843141    0.31713034  0.00000000

     Dynamical  Matrix in cartesian axes

     q = (    0.250000000   0.750000000   0.750000000 ) 

    1    1
  0.31713034  0.00000000    0.00721787 -0.00843141    0.00721787 -0.00843141
  0.00721787  0.00843141    0.26438420  0.00000000    0.00703624  0.00000000
  0.00721787  0.00843141    0.00703624  0.00000000    0.26438420  0.00000000
    1    2
  0.08372847 -0.06206009   -0.04780051  0.04509996   -0.04780051  0.04509996
 -0.04780051  0.04509996    0.06528550 -0.06403130   -0.14913880 -0.04560471
 -0.04780051  0.04509996   -0.14913880 -0.04560471    0.06528550 -0.06403130
    2    1
  0.08372847  0.06206009   -0.04780051 -0.04509996   -0.04780051 -0.04509996
 -0.04780051 -0.04509996    0.06528550  0.06403130   -0.14913880  0.04560471
 -0.04780051 -0.04509996   -0.14913880  0.04560471    0.06528550  0.06403130
    2    2
  0.31713034  0.00000000    0.00721787  0.00843141    0.00721787  0.00843141
  0.00721787 -0.00843141    0.26438420  0.00000000    0.00703624  0.00000000
  0.00721787 -0.00843141    0.00703624  0.00000000    0.26438420  0.00000000

     Dynamical  Matrix in cartesian axes

     q = (   -0.250000000  -0.750000000   0.750000000 ) 

    1    1
  0.31713034  0.00000000    0.00721787 -0.00843141   -0.00721787  0.00843141
  0.00721787  0.00843141    0.26438420  0.00000000   -0.00703624  0.00000000
 -0.00721787 -0.00843141   -0.00703624  0.00000000    0.26438420  0.00000000
    1    2
 -0.08372847  0.06206009    0.04780051 -0.04509996   -0.04780051  0.04509996
  0.04780051 -0.04509996   -0.06528550  0.06403130   -0.14913880 -0.04560471
 -0.04780051  0.04509996   -0.14913880 -0.04560471   -0.06528550  0.06403130
    2    1
 -0.08372847 -0.06206009    0.04780051  0.04509996   -0.04780051 -0.04509996
  0.04780051  0.04509996   -0.06528550 -0.06403130   -0.14913880  0.04560471
 -0.04780051 -0.04509996   -0.14913880  0.04560471   -0.06528550 -0.06403130
    2    2
  0.31713034  0.00000000    0.00721787  0.00843141   -0.00721787 -0.00843141
  0.00721787 -0.00843141    0.26438420  0.00000000   -0.00703624  0.00000000
 -0.00721787  0.00843141   -0.00703624  0.00000000    0.26438420  0.00000000

     Dynamical  Matrix in cartesian axes

     q = (    0.750000000   0.750000000   0.250000000 ) 

    1    1
  0.26438420  0.00000000    0.00703624  0.00000000    0.00721787  0.00843141
  0.00703624  0.00000000    0.26438420  0.00000000    0.00721787  0.00843141
  0.00721787 -0.00843141    0.00721787 -0.00843141    0.31713034  0.00000000
    1    2
  0.06528550 -0.06403130   -0.14913880 -0.04560471   -0.04780051  0.04509996
 -0.14913880 -0.04560471    0.06528550 -0.06403130   -0.04780051  0.04509996
 -0.04780051  0.04509996   -0.04780051  0.04509996    0.08372847 -0.06206009
    2    1
  0.06528550  0.06403130   -0.14913880  0.04560471   -0.04780051 -0.04509996
 -0.14913880  0.04560471    0.06528550  0.06403130   -0.04780051 -0.04509996
 -0.04780051 -0.04509996   -0.04780051 -0.04509996    0.08372847  0.06206009
    2    2
  0.26438420  0.00000000    0.00703624  0.00000000    0.00721787 -0.00843141
  0.00703624  0.00000000    0.26438420  0.00000000    0.00721787 -0.00843141
  0.00721787  0.00843141    0.00721787  0.00843141    0.31713034  0.00000000

     Dynamical  Matrix in cartesian axes

     q = (    0.250000000  -0.750000000  -0.750000000 ) 

    1    1
  0.31713034  0.00000000   -0.00721787  0.00843141   -0.00721787  0.00843141
 -0.00721787 -0.00843141    0.26438420  0.00000000    0.00703624  0.00000000
 -0.00721787 -0.00843141    0.00703624  0.00000000    0.26438420  0.00000000
    1    2
 -0.06206009 -0.08372847   -0.04509996 -0.04780051   -0.04509996 -0.04780051
 -0.04509996 -0.04780051   -0.06403130 -0.06528550   -0.04560471  0.14913880
 -0.04509996 -0.04780051   -0.04560471  0.14913880   -0.06403130 -0.06528550
    2    1
 -0.06206009  0.08372847   -0.04509996  0.04780051   -0.04509996  0.04780051
 -0.04509996  0.04780051   -0.06403130  0.06528550   -0.04560471 -0.14913880
 -0.04509996  0.04780051   -0.04560471 -0.14913880   -0.06403130  0.06528550
    2    2
  0.31713034  0.00000000   -0.00721787 -0.00843141   -0.00721787 -0.00843141
 -0.00721787  0.00843141    0.26438420  0.00000000    0.00703624  0.00000000
 -0.00721787  0.00843141    0.00703624  0.00000000    0.26438420  0.00000000

     Dynamical  Matrix in cartesian axes

     q = (    0.750000000  -0.750000000  -0.250000000 ) 

    1    1
  0.26438420  0.00000000   -0.00703624  0.00000000   -0.00721787 -0.00843141
 -0.00703624  0.00000000    0.26438420  0.00000000    0.00721787  0.00843141
 -0.00721787  0.00843141    0.00721787 -0.00843141    0.31713034  0.00000000
    1    2
 -0.06528550  0.06403130   -0.14913880 -0.04560471   -0.04780051  0.04509996
 -0.14913880 -0.04560471   -0.06528550  0.06403130    0.04780051 -0.04509996
 -0.04780051  0.04509996    0.04780051 -0.04509996   -0.08372847  0.06206009
    2    1
 -0.06528550 -0.06403130   -0.14913880  0.04560471   -0.04780051 -0.04509996
 -0.14913880  0.04560471   -0.06528550 -0.06403130    0.04780051  0.04509996
 -0.04780051 -0.04509996    0.04780051  0.04509996   -0.08372847 -0.06206009
    2    2
  0.26438420  0.00000000   -0.00703624  0.00000000   -0.00721787  0.00843141
 -0.00703624  0.00000000    0.26438420  0.00000000    0.00721787 -0.00843141
 -0.00721787 -0.00843141    0.00721787  0.00843141    0.31713034  0.00000000

     Diagonalizing the dynamical matrix

     q = (    0.750000000  -0.250000000   0.750000000 ) 

 **************************************************************************
     freq (    1) =       4.220676 [THz] =     140.786596 [cm-1]
 (  0.042810 -0.498164 -0.000000  0.000000 -0.042810  0.498164 ) 
 (  0.500000  0.000000 -0.000000 -0.000000 -0.500000  0.000000 ) 
     freq (    2) =       5.983935 [THz] =     199.602578 [cm-1]
 ( -0.387332 -0.171269 -0.343673  0.152219 -0.387332 -0.171269 ) 
 ( -0.423508 -0.000000 -0.252758 -0.278200 -0.423508  0.000000 ) 
     freq (    3) =       9.667919 [THz] =     322.487082 [cm-1]
 (  0.129133 -0.282573  0.364654  0.417111  0.129133 -0.282573 ) 
 ( -0.310681 -0.000000  0.227808  0.505033 -0.310681  0.000000 ) 
     freq (    4) =      12.536312 [THz] =     418.166353 [cm-1]
 (  0.051233  0.312080 -0.402017 -0.371946  0.051233  0.312080 ) 
 ( -0.316258  0.000000  0.432159  0.336453 -0.316258  0.000000 ) 
     freq (    5) =      14.135089 [THz] =     471.495828 [cm-1]
 (  0.042810 -0.498164 -0.000000  0.000000 -0.042810  0.498164 ) 
 ( -0.500000  0.000000  0.000000  0.000000  0.500000  0.000000 ) 
     freq (    6) =      14.534322 [THz] =     484.812807 [cm-1]
 ( -0.305772 -0.174937 -0.452480  0.216942 -0.305772 -0.174937 ) 
 (  0.352277 -0.000000  0.285015  0.412999  0.352277  0.000000 ) 
 **************************************************************************
