Dynamical matrix file
Phonons on a uniform q-grid                                                
  1    2  2 10.2000000  0.0000000  0.0000000  0.0000000  0.0000000  0.0000000
           1  'Si  '    25598.3672624059     
    1    1      0.0000000000      0.0000000000      0.0000000000
    2    1      0.2500000000      0.2500000000      0.2500000000

     Dynamical  Matrix in cartesian axes

     q = (   -0.250000000   0.250000000  -0.250000000 ) 

    1    1
  0.28638917  0.00000000   -0.01240571  0.00000000    0.01240571  0.00000000
 -0.01240571  0.00000000    0.28638917  0.00000000   -0.01240571  0.00000000
  0.01240571  0.00000000   -0.01240571  0.00000000    0.28638917  0.00000000
    1    2
 -0.21127779 -0.06192421   -0.04287377  0.04388956    0.04287377 -0.04388956
 -0.04287377  0.04388956   -0.21127779 -0.06192421   -0.04287377  0.04388956
  0.04287377 -0.04388956   -0.04287377  0.04388956   -0.21127779 -0.06192421
    2    1
 -0.21127779  0.06192421   -0.04287377 -0.04388956    0.04287377  0.04388956
 -0.04287377 -0.04388956   -0.21127779  0.06192421   -0.04287377 -0.04388956
  0.04287377  0.04388956   -0.04287377 -0.04388956   -0.21127779  0.06192421
    2    2
  0.28638917  0.00000000   -0.01240571  0.00000000    0.01240571  0.00000000
 -0.01240571  0.00000000    0.28638917  0.00000000   -0.01240571  0.00000000
  0.01240571  0.00000000   -0.01240571  0.00000000    0.28638917  0.00000000

     Dynamical  Matrix in cartesian axes

     q = (    0.250000000  -0.250000000  -0.250000000 ) 

    1    1
  0.28638917  0.00000000   -0.01240571  0.00000000   -0.01240571  0.00000000
 -0.01240571  0.00000000    0.28638917  0.00000000    0.01240571  0.00000000
 -0.01240571  0.00000000    0.01240571  0.00000000    0.28638917  0.00000000
    1    2
 -0.21127779 -0.06192421   -0.04287377  0.04388956   -0.04287377  0.04388956
 -0.04287377  0.04388956   -0.21127779 -0.06192421    0.04287377 -0.04388956
 -0.04287377  0.04388956    0.04287377 -0.04388956   -0.21127779 -0.06192421
    2    1
 -0.21127779  0.06192421   -0.04287377 -0.04388956   -0.04287377 -0.04388956
 -0.04287377 -0.04388956   -0.21127779  0.06192421    0.04287377  0.04388956
 -0.04287377 -0.04388956    0.04287377  0.04388956   -0.21127779  0.06192421
    2    2
  0.28638917  0.00000000   -0.01240571  0.00000000   -0.01240571  0.00000000
 -0.01240571  0.00000000    0.28638917  0.00000000    0.01240571  0.00000000
 -0.01240571  0.00000000    0.01240571  0.00000000    0.28638917  0.00000000

     Dynamical  Matrix in cartesian axes

     q = (    0.250000000  -0.250000000   0.250000000 ) 

    1    1
  0.28638917  0.00000000   -0.01240571  0.00000000    0.01240571  0.00000000
 -0.01240571  0.00000000    0.28638917  0.00000000   -0.01240571  0.00000000
  0.01240571  0.00000000   -0.01240571  0.00000000    0.28638917  0.00000000
    1    2
 -0.21127779  0.06192421   -0.04287377 -0.04388956    0.04287377  0.04388956
 -0.04287377 -0.04388956   -0.21127779  0.06192421   -0.04287377 -0.04388956
  0.04287377  0.04388956   -0.04287377 -0.04388956   -0.21127779  0.06192421
    2    1
 -0.21127779 -0.06192421   -0.04287377  0.04388956    0.04287377 -0.04388956
 -0.04287377  0.04388956   -0.21127779 -0.06192421   -0.04287377  0.04388956
  0.04287377 -0.04388956   -0.04287377  0.04388956   -0.21127779 -0.06192421
    2    2
  0.28638917  0.00000000   -0.01240571  0.00000000    0.01240571  0.00000000
 -0.01240571  0.00000000    0.28638917  0.00000000   -0.01240571  0.00000000
  0.01240571  0.00000000   -0.01240571  0.00000000    0.28638917  0.00000000

     Dynamical  Matrix in cartesian axes

     q = (    0.250000000   0.250000000   0.250000000 ) 

    1    1
  0.28638917  0.00000000    0.01240571  0.00000000    0.01240571  0.00000000
  0.01240571  0.00000000    0.28638917  0.00000000    0.01240571  0.00000000
  0.01240571  0.00000000    0.01240571  0.00000000    0.28638917  0.00000000
    1    2
 -0.06192421  0.21127779   -0.04388956 -0.04287377   -0.04388956 -0.04287377
 -0.04388956 -0.04287377   -0.06192421  0.21127779   -0.04388956 -0.04287377
 -0.04388956 -0.04287377   -0.04388956 -0.04287377   -0.06192421  0.21127779
    2    1
 -0.06192421 -0.21127779   -0.04388956  0.04287377   -0.04388956  0.04287377
 -0.04388956  0.04287377   -0.06192421 -0.21127779   -0.04388956  0.04287377
 -0.04388956  0.04287377   -0.04388956  0.04287377   -0.06192421 -0.21127779
    2    2
  0.28638917  0.00000000    0.01240571  0.00000000    0.01240571  0.00000000
  0.01240571  0.00000000    0.28638917  0.00000000    0.01240571  0.00000000
  0.01240571  0.00000000    0.01240571  0.00000000    0.28638917  0.00000000

     Dynamical  Matrix in cartesian axes

     q = (   -0.250000000  -0.250000000  -0.250000000 ) 

    1    1
  0.28638917  0.00000000    0.01240571  0.00000000    0.01240571  0.00000000
  0.01240571  0.00000000    0.28638917  0.00000000    0.01240571  0.00000000
  0.01240571  0.00000000    0.01240571  0.00000000    0.28638917  0.00000000
    1    2
 -0.06192421 -0.21127779   -0.04388956  0.04287377   -0.04388956  0.04287377
 -0.04388956  0.04287377   -0.06192421 -0.21127779   -0.04388956  0.04287377
 -0.04388956  0.04287377   -0.04388956  0.04287377   -0.06192421 -0.21127779
    2    1
 -0.06192421  0.21127779   -0.04388956 -0.04287377   -0.04388956 -0.04287377
 -0.04388956 -0.04287377   -0.06192421  0.21127779   -0.04388956 -0.04287377
 -0.04388956 -0.04287377   -0.04388956 -0.04287377   -0.06192421  0.21127779
    2    2
  0.28638917  0.00000000    0.01240571  0.00000000    0.01240571  0.00000000
  0.01240571  0.00000000    0.28638917  0.00000000    0.01240571  0.00000000
  0.01240571  0.00000000    0.01240571  0.00000000    0.28638917  0.00000000

     Dynamical  Matrix in cartesian axes

     q = (   -0.250000000  -0.250000000   0.250000000 ) 

    1    1
  0.28638917  0.00000000    0.01240571  0.00000000   -0.01240571  0.00000000
  0.01240571  0.00000000    0.28638917  0.00000000   -0.01240571  0.00000000
 -0.01240571  0.00000000   -0.01240571  0.00000000    0.28638917  0.00000000
    1    2
 -0.21127779 -0.06192421    0.04287377 -0.04388956   -0.04287377  0.04388956
  0.04287377 -0.04388956   -0.21127779 -0.06192421   -0.04287377  0.04388956
 -0.04287377  0.04388956   -0.04287377  0.04388956   -0.21127779 -0.06192421
    2    1
 -0.21127779  0.06192421    0.04287377  0.04388956   -0.04287377 -0.04388956
  0.04287377  0.04388956   -0.21127779  0.06192421   -0.04287377 -0.04388956
 -0.04287377 -0.04388956   -0.04287377 -0.04388956   -0.21127779  0.06192421
    2    2
  0.28638917  0.00000000    0.01240571  0.00000000   -0.01240571  0.00000000
  0.01240571  0.00000000    0.28638917  0.00000000   -0.01240571  0.00000000
 -0.01240571  0.00000000   -0.01240571  0.00000000    0.28638917  0.00000000

     Dynamical  Matrix in cartesian axes

     q = (   -0.250000000   0.250000000   0.250000000 ) 

    1    1
  0.28638917  0.00000000   -0.01240571  0.00000000   -0.01240571  0.00000000
 -0.01240571  0.00000000    0.28638917  0.00000000    0.01240571  0.00000000
 -0.01240571  0.00000000    0.01240571  0.00000000    0.28638917  0.00000000
    1    2
 -0.21127779  0.06192421   -0.04287377 -0.04388956   -0.04287377 -0.04388956
 -0.04287377 -0.04388956   -0.21127779  0.06192421    0.04287377  0.04388956
 -0.04287377 -0.04388956    0.04287377  0.04388956   -0.21127779  0.06192421
    2    1
 -0.21127779 -0.06192421   -0.04287377  0.04388956   -0.04287377  0.04388956
 -0.04287377  0.04388956   -0.21127779 -0.06192421    0.04287377 -0.04388956
 -0.04287377  0.04388956    0.04287377 -0.04388956   -0.21127779 -0.06192421
    2    2
  0.28638917  0.00000000   -0.01240571  0.00000000   -0.01240571  0.00000000
 -0.01240571  0.00000000    0.28638917  0.00000000    0.01240571  0.00000000
 -0.01240571  0.00000000    0.01240571  0.00000000    0.28638917  0.00000000

     Dynamical  Matrix in cartesian axes

     q = (    0.250000000   0.250000000  -0.250000000 ) 

    1    1
  0.28638917  0.00000000    0.01240571  0.00000000   -0.01240571  0.00000000
  0.01240571  0.00000000    0.28638917  0.00000000   -0.01240571  0.00000000
 -0.01240571  0.00000000   -0.01240571  0.00000000    0.28638917  0.00000000
    1    2
 -0.21127779  0.06192421    0.04287377  0.04388956   -0.04287377 -0.04388956
  0.04287377  0.04388956   -0.21127779  0.06192421   -0.04287377 -0.04388956
 -0.04287377 -0.04388956   -0.04287377 -0.04388956   -0.21127779  0.06192421
    2    1
 -0.21127779 -0.06192421    0.04287377 -0.04388956   -0.04287377  0.04388956
  0.04287377 -0.04388956   -0.21127779 -0.06192421   -0.04287377  0.04388956
 -0.04287377  0.04388956   -0.04287377  0.04388956   -0.21127779 -0.06192421
    2    2
  0.28638917  0.00000000    0.01240571  0.00000000   -0.01240571  0.00000000
  0.01240571  0.00000000    0.28638917  0.00000000   -0.01240571  0.00000000
 -0.01240571  0.00000000   -0.01240571  0.00000000    0.28638917  0.00000000

     Diagonalizing the dynamical matrix

     q = (   -0.250000000   0.250000000  -0.250000000 ) 

 **************************************************************************
     freq (    1) =       2.848645 [THz] =      95.020570 [cm-1]
 (  0.409686 -0.337252  0.291303 -0.345653 -0.118384 -0.008401 ) 
 (  0.384787 -0.365405  0.266106 -0.365405 -0.118681  0.000000 ) 
     freq (    2) =       2.848645 [THz] =      95.020570 [cm-1]
 (  0.208181  0.091718 -0.355422  0.051725 -0.563603 -0.039993 ) 
 (  0.214151  0.076753 -0.350870  0.076753 -0.565020  0.000000 ) 
     freq (    3) =       6.998145 [THz] =     233.433004 [cm-1]
 ( -0.262312 -0.312825  0.262312  0.312825 -0.262312 -0.312825 ) 
 ( -0.408248  0.000000  0.408248 -0.000000 -0.408248  0.000000 ) 
     freq (    4) =      14.634852 [THz] =     488.166107 [cm-1]
 (  0.262312  0.312825 -0.262312 -0.312825  0.262312  0.312825 ) 
 ( -0.408248  0.000000  0.408248  0.000000 -0.408248  0.000000 ) 
     freq (    5) =      14.952162 [THz] =     498.750432 [cm-1]
 (  0.527373 -0.173081  0.182356 -0.197564 -0.345017 -0.024482 ) 
 ( -0.513799  0.209976 -0.167915  0.209976  0.345884  0.000000 ) 
     freq (    6) =      14.952162 [THz] =     498.750432 [cm-1]
 ( -0.034960  0.155023 -0.496075  0.122302 -0.461115 -0.032721 ) 
 (  0.023900 -0.157108  0.486174 -0.157108  0.462274  0.000000 ) 
 **************************************************************************
