
     Program PWSCF v.6.7MaX starts on 16Apr2021 at 12:59:18 

     This program is part of the open-source Quantum ESPRESSO suite
     for quantum simulation of materials; please cite
         "P. Giannozzi et al., J. Phys.:Condens. Matter 21 395502 (2009);
         "P. Giannozzi et al., J. Phys.:Condens. Matter 29 465901 (2017);
          URL http://www.quantum-espresso.org", 
     in publications or presentations arising from this work. More details at
     http://www.quantum-espresso.org/quote

     Parallel version (MPI), running on     1 processors

     MPI processes distributed on     1 nodes
     Waiting for input...
     Reading input from standard input

     Current dimensions of program PWSCF are:
     Max number of different atomic species (ntypx) = 10
     Max number of k-points (npk) =  40000
     Max angular momentum in pseudopotentials (lmaxx) =  3
     Message from routine volume:
     axis vectors are left-handed
     file Fe.pbesol-spn-kjpaw_psl.0.2.1.UPF: wavefunction(s)  3D renormalized
     file Fe.pbesol-spn-kjpaw_psl.0.2.1.UPF: wavefunction(s)  3D renormalized
     file O.pbesol-n-kjpaw_psl.0.1.UPF: wavefunction(s)  2P renormalized

     Subspace diagonalization in iterative solution of the eigenvalue problem:
     a serial algorithm will be used

     Message from routine setup:
     using ibrav=0 with symmetry is DISCOURAGED, use correct ibrav instead
 
     G-vector sticks info
     --------------------
     sticks:   dense  smooth     PW     G-vecs:    dense   smooth      PW
     Sum        1061     539    171                17255     6111    1141
 


     bravais-lattice index     =            0
     lattice parameter (alat)  =       8.1900  a.u.
     unit-cell volume          =     274.6766 (a.u.)^3
     number of atoms/cell      =            4
     number of atomic types    =            3
     number of electrons       =        44.00
     number of Kohn-Sham states=           26
     kinetic-energy cutoff     =      30.0000  Ry
     charge density cutoff     =     240.0000  Ry
     scf convergence threshold =      1.0E-09
     mixing beta               =       0.3000
     number of iterations used =            8  plain     mixing
     Exchange-correlation= SLA  PW   PSX  PSC
                           (   1   4  10   8   0   0   0)

     celldm(1)=   8.190000  celldm(2)=   0.000000  celldm(3)=   0.000000
     celldm(4)=   0.000000  celldm(5)=   0.000000  celldm(6)=   0.000000

     crystal axes: (cart. coord. in units of alat)
               a(1) = (   0.500000   0.500000   1.000000 )  
               a(2) = (   0.500000   1.000000   0.500000 )  
               a(3) = (   1.000000   0.500000   0.500000 )  

     reciprocal axes: (cart. coord. in units 2 pi/alat)
               b(1) = ( -0.500000 -0.500000  1.500000 )  
               b(2) = ( -0.500000  1.500000 -0.500000 )  
               b(3) = (  1.500000 -0.500000 -0.500000 )  


     PseudoPot. # 1 for Fe read from file:
     ../../pseudo/Fe.pbesol-spn-kjpaw_psl.0.2.1.UPF
     MD5 check sum: 7febcda02fc281f884e3aa15a414695d
     Pseudo is Projector augmented-wave + core cor, Zval = 16.0
     Generated using "atomic" code by A. Dal Corso  v.6.0 svn rev. 13079
     Shape of augmentation charge: PSQ
     Using radial grid of 1191 points,  6 beta functions with: 
                l(1) =   0
                l(2) =   0
                l(3) =   1
                l(4) =   1
                l(5) =   2
                l(6) =   2
     Q(r) pseudized with 0 coefficients 


     PseudoPot. # 2 for Fe read from file:
     ../../pseudo/Fe.pbesol-spn-kjpaw_psl.0.2.1.UPF
     MD5 check sum: 7febcda02fc281f884e3aa15a414695d
     Pseudo is Projector augmented-wave + core cor, Zval = 16.0
     Generated using "atomic" code by A. Dal Corso  v.6.0 svn rev. 13079
     Shape of augmentation charge: PSQ
     Using radial grid of 1191 points,  6 beta functions with: 
                l(1) =   0
                l(2) =   0
                l(3) =   1
                l(4) =   1
                l(5) =   2
                l(6) =   2
     Q(r) pseudized with 0 coefficients 


     PseudoPot. # 3 for O  read from file:
     ../../pseudo/O.pbesol-n-kjpaw_psl.0.1.UPF
     MD5 check sum: 126339daddaa87477ab44acfa0b5aa00
     Pseudo is Projector augmented-wave + core cor, Zval =  6.0
     Generated using "atomic" code by A. Dal Corso  v.6.0 svn rev. 13079
     Shape of augmentation charge: BESSEL
     Using radial grid of 1095 points,  4 beta functions with: 
                l(1) =   0
                l(2) =   0
                l(3) =   1
                l(4) =   1
     Q(r) pseudized with 0 coefficients 


     atomic species   valence    mass     pseudopotential
        Fe1           16.00    55.84500     Fe( 1.00)
        Fe2           16.00    55.84500     Fe( 1.00)
        O              6.00    16.00000     O ( 1.00)

     Starting magnetic structure 
     atomic species   magnetization
        Fe1          0.500
        Fe2         -0.500
        O            0.000


     Simplified LDA+U calculation (l_max = 2) with parameters (eV):
     atomic species    L          U    alpha       J0     beta
        Fe1            2     0.0000   0.0000   0.0000   0.0000
        Fe2            2     0.0000   0.0000   0.0000   0.0000



     12 Sym. Ops., with inversion, found


                                    s                        frac. trans.

      isym =  1     identity                                     

 cryst.   s( 1) = (     1          0          0      )
                  (     0          1          0      )
                  (     0          0          1      )

 cart.    s( 1) = (  1.0000000  0.0000000  0.0000000 )
                  (  0.0000000  1.0000000  0.0000000 )
                  (  0.0000000  0.0000000  1.0000000 )


      isym =  2     180 deg rotation - cart. axis [1,-1,0]       

 cryst.   s( 2) = (    -1          0          0      )
                  (     0          0         -1      )
                  (     0         -1          0      )

 cart.    s( 2) = (  0.0000000 -1.0000000  0.0000000 )
                  ( -1.0000000  0.0000000  0.0000000 )
                  (  0.0000000  0.0000000 -1.0000000 )


      isym =  3     180 deg rotation - cart. axis [-1,0,1]       

 cryst.   s( 3) = (     0          0         -1      )
                  (     0         -1          0      )
                  (    -1          0          0      )

 cart.    s( 3) = (  0.0000000  0.0000000 -1.0000000 )
                  (  0.0000000 -1.0000000  0.0000000 )
                  ( -1.0000000  0.0000000  0.0000000 )


      isym =  4     180 deg rotation - cart. axis [0,1,-1]       

 cryst.   s( 4) = (     0         -1          0      )
                  (    -1          0          0      )
                  (     0          0         -1      )

 cart.    s( 4) = ( -1.0000000  0.0000000  0.0000000 )
                  (  0.0000000  0.0000000 -1.0000000 )
                  (  0.0000000 -1.0000000  0.0000000 )


      isym =  5     120 deg rotation - cart. axis [-1,-1,-1]     

 cryst.   s( 5) = (     0          1          0      )
                  (     0          0          1      )
                  (     1          0          0      )

 cart.    s( 5) = (  0.0000000  1.0000000  0.0000000 )
                  (  0.0000000  0.0000000  1.0000000 )
                  (  1.0000000  0.0000000  0.0000000 )


      isym =  6     120 deg rotation - cart. axis [1,1,1]        

 cryst.   s( 6) = (     0          0          1      )
                  (     1          0          0      )
                  (     0          1          0      )

 cart.    s( 6) = (  0.0000000  0.0000000  1.0000000 )
                  (  1.0000000  0.0000000  0.0000000 )
                  (  0.0000000  1.0000000  0.0000000 )


      isym =  7     inversion                                    

 cryst.   s( 7) = (    -1          0          0      )
                  (     0         -1          0      )
                  (     0          0         -1      )

 cart.    s( 7) = ( -1.0000000  0.0000000  0.0000000 )
                  (  0.0000000 -1.0000000  0.0000000 )
                  (  0.0000000  0.0000000 -1.0000000 )


      isym =  8     inv. 180 deg rotation - cart. axis [1,-1,0]  

 cryst.   s( 8) = (     1          0          0      )
                  (     0          0          1      )
                  (     0          1          0      )

 cart.    s( 8) = (  0.0000000  1.0000000  0.0000000 )
                  (  1.0000000  0.0000000  0.0000000 )
                  (  0.0000000  0.0000000  1.0000000 )


      isym =  9     inv. 180 deg rotation - cart. axis [-1,0,1]  

 cryst.   s( 9) = (     0          0          1      )
                  (     0          1          0      )
                  (     1          0          0      )

 cart.    s( 9) = (  0.0000000  0.0000000  1.0000000 )
                  (  0.0000000  1.0000000  0.0000000 )
                  (  1.0000000  0.0000000  0.0000000 )


      isym = 10     inv. 180 deg rotation - cart. axis [0,1,-1]  

 cryst.   s(10) = (     0          1          0      )
                  (     1          0          0      )
                  (     0          0          1      )

 cart.    s(10) = (  1.0000000  0.0000000  0.0000000 )
                  (  0.0000000  0.0000000  1.0000000 )
                  (  0.0000000  1.0000000  0.0000000 )


      isym = 11     inv. 120 deg rotation - cart. axis [-1,-1,-1]

 cryst.   s(11) = (     0         -1          0      )
                  (     0          0         -1      )
                  (    -1          0          0      )

 cart.    s(11) = (  0.0000000 -1.0000000  0.0000000 )
                  (  0.0000000  0.0000000 -1.0000000 )
                  ( -1.0000000  0.0000000  0.0000000 )


      isym = 12     inv. 120 deg rotation - cart. axis [1,1,1]   

 cryst.   s(12) = (     0          0         -1      )
                  (    -1          0          0      )
                  (     0         -1          0      )

 cart.    s(12) = (  0.0000000  0.0000000 -1.0000000 )
                  ( -1.0000000  0.0000000  0.0000000 )
                  (  0.0000000 -1.0000000  0.0000000 )


   Cartesian axes

     site n.     atom                  positions (alat units)
         1           Fe1 tau(   1) = (   0.0000000   0.0000000   0.0000000  )
         2           Fe2 tau(   2) = (   1.0000000   1.0000000   1.0000000  )
         3           O   tau(   3) = (   0.5000000   0.5000000   0.5000000  )
         4           O   tau(   4) = (   1.5000000   1.5000000   1.5000000  )

   Crystallographic axes

     site n.     atom                  positions (cryst. coord.)
         1           Fe1 tau(   1) = (  0.0000000  0.0000000  0.0000000  )
         2           Fe2 tau(   2) = (  0.5000000  0.5000000  0.5000000  )
         3           O   tau(   3) = (  0.2500000  0.2500000  0.2500000  )
         4           O   tau(   4) = (  0.7500000  0.7500000  0.7500000  )

     number of k points=     6  Marzari-Vanderbilt smearing, width (Ry)=  0.0200
                       cart. coord. in units 2pi/alat
        k(    1) = (   0.0000000   0.0000000   0.0000000), wk =   0.0370370
        k(    2) = (   0.5000000  -0.1666667  -0.1666667), wk =   0.2222222
        k(    3) = (   0.3333333   0.3333333  -0.3333333), wk =   0.2222222
        k(    4) = (  -0.6666667   0.6666667   0.0000000), wk =   0.2222222
        k(    5) = (   0.1666667   0.1666667   0.1666667), wk =   0.0740741
        k(    6) = (  -0.8333333   0.5000000   0.5000000), wk =   0.2222222

                       cryst. coord.
        k(    1) = (   0.0000000   0.0000000   0.0000000), wk =   0.0370370
        k(    2) = (   0.0000000   0.0000000   0.3333333), wk =   0.2222222
        k(    3) = (   0.0000000   0.3333333   0.3333333), wk =   0.2222222
        k(    4) = (   0.0000000   0.3333333  -0.3333333), wk =   0.2222222
        k(    5) = (   0.3333333   0.3333333   0.3333333), wk =   0.0740741
        k(    6) = (   0.3333333   0.3333333  -0.3333333), wk =   0.2222222

     Dense  grid:    17255 G-vectors     FFT dimensions: (  50,  50,  50)

     Smooth grid:     6111 G-vectors     FFT dimensions: (  36,  36,  36)

     Dynamical RAM for                 wfc:       0.30 MB

     Dynamical RAM for     wfc (w. buffer):       3.93 MB

     Dynamical RAM for             U proj.:       0.12 MB

     Dynamical RAM for  U proj. (w. buff.):       1.51 MB

     Dynamical RAM for           str. fact:       0.79 MB

     Dynamical RAM for           local pot:       0.00 MB

     Dynamical RAM for          nlocal pot:       0.60 MB

     Dynamical RAM for                qrad:       3.73 MB

     Dynamical RAM for          rho,v,vnew:       7.30 MB

     Dynamical RAM for               rhoin:       2.43 MB

     Dynamical RAM for            rho*nmix:       8.43 MB

     Dynamical RAM for           G-vectors:       1.03 MB

     Dynamical RAM for          h,s,v(r/c):       0.12 MB

     Dynamical RAM for          <psi|beta>:       0.02 MB

     Dynamical RAM for                 psi:       0.60 MB

     Dynamical RAM for                hpsi:       0.60 MB

     Dynamical RAM for                spsi:       0.60 MB

     Dynamical RAM for      wfcinit/wfcrot:       0.82 MB

     Dynamical RAM for           addusdens:      49.76 MB

     Estimated static dynamical RAM per process >      36.54 MB

     Estimated max dynamical RAM per process >      86.30 MB

     Check: negative core charge=   -0.000246
     Generating pointlists ...
     new r_m :   0.2063 (alat units)  1.6892 (a.u.) for type    1
     new r_m :   0.2063 (alat units)  1.6892 (a.u.) for type    2
     new r_m :   0.2063 (alat units)  1.6892 (a.u.) for type    3

     Initial potential from superposition of free atoms

     starting charge   43.99919, renormalised to   44.00000
 --- in v_hubbard ---
Hubbard energy    0.0000
 -------
     Number of +U iterations with fixed ns =  0
     Starting occupations:
 --- enter write_ns ---
 LDA+U parameters:
U( 1)     =  0.00000001
U( 2)     =  0.00000001
atom    1   Tr[ns(na)] (up, down, total) =   5.00000  1.00000  6.00000
   spin  1
    eigenvalues: 
  1.000  1.000  1.000  1.000  1.000
    eigenvectors:
  1.000  0.000  0.000  0.000  0.000
  0.000  1.000  0.000  0.000  0.000
  0.000  0.000  1.000  0.000  0.000
  0.000  0.000  0.000  1.000  0.000
  0.000  0.000  0.000  0.000  1.000
    occupations:
  1.000  0.000  0.000  0.000  0.000
  0.000  1.000  0.000  0.000  0.000
  0.000  0.000  1.000  0.000  0.000
  0.000  0.000  0.000  1.000  0.000
  0.000  0.000  0.000  0.000  1.000
   spin  2
    eigenvalues: 
  0.200  0.200  0.200  0.200  0.200
    eigenvectors:
  1.000  0.000  0.000  0.000  0.000
  0.000  1.000  0.000  0.000  0.000
  0.000  0.000  1.000  0.000  0.000
  0.000  0.000  0.000  1.000  0.000
  0.000  0.000  0.000  0.000  1.000
    occupations:
  0.200  0.000  0.000  0.000  0.000
  0.000  0.200  0.000  0.000  0.000
  0.000  0.000  0.200  0.000  0.000
  0.000  0.000  0.000  0.200  0.000
  0.000  0.000  0.000  0.000  0.200
atomic mag. moment =   4.00000
atom    2   Tr[ns(na)] (up, down, total) =   1.00000  5.00000  6.00000
   spin  1
    eigenvalues: 
  0.200  0.200  0.200  0.200  0.200
    eigenvectors:
  1.000  0.000  0.000  0.000  0.000
  0.000  1.000  0.000  0.000  0.000
  0.000  0.000  1.000  0.000  0.000
  0.000  0.000  0.000  1.000  0.000
  0.000  0.000  0.000  0.000  1.000
    occupations:
  0.200  0.000  0.000  0.000  0.000
  0.000  0.200  0.000  0.000  0.000
  0.000  0.000  0.200  0.000  0.000
  0.000  0.000  0.000  0.200  0.000
  0.000  0.000  0.000  0.000  0.200
   spin  2
    eigenvalues: 
  1.000  1.000  1.000  1.000  1.000
    eigenvectors:
  1.000  0.000  0.000  0.000  0.000
  0.000  1.000  0.000  0.000  0.000
  0.000  0.000  1.000  0.000  0.000
  0.000  0.000  0.000  1.000  0.000
  0.000  0.000  0.000  0.000  1.000
    occupations:
  1.000  0.000  0.000  0.000  0.000
  0.000  1.000  0.000  0.000  0.000
  0.000  0.000  1.000  0.000  0.000
  0.000  0.000  0.000  1.000  0.000
  0.000  0.000  0.000  0.000  1.000
atomic mag. moment =  -4.00000
N of occupied +U levels =   12.000000
 --- exit write_ns ---
 Atomic wfc used for LDA+U Projector are NOT orthogonalized
     Starting wfcs are   34 randomized atomic wfcs
     Checking if some PAW data can be deallocated... 

     total cpu time spent up to now is        2.2 secs

     Self-consistent Calculation

     iteration #  1     ecut=    30.00 Ry     beta= 0.30
     Davidson diagonalization with overlap
     ethr =  1.00E-02,  avg # of iterations =  2.0
 --- enter write_ns ---
 LDA+U parameters:
U( 1)     =  0.00000001
U( 2)     =  0.00000001
atom    1   Tr[ns(na)] (up, down, total) =   5.00293  1.27285  6.27577
   spin  1
    eigenvalues: 
  0.999  0.999  1.002  1.002  1.002
    eigenvectors:
  0.003  0.996  0.001  0.000  0.000
  0.001  0.000  0.001  0.665  0.333
  0.000  0.000  0.476  0.190  0.333
  0.996  0.003  0.000  0.001  0.000
  0.000  0.001  0.522  0.144  0.333
    occupations:
  0.999 -0.000 -0.000  0.000 -0.000
 -0.000  1.002  0.000 -0.000 -0.000
 -0.000  0.000  1.002  0.000 -0.000
  0.000 -0.000  0.000  0.999 -0.000
 -0.000 -0.000 -0.000 -0.000  1.002
   spin  2
    eigenvalues: 
  0.146  0.146  0.322  0.322  0.338
    eigenvectors:
  0.240  0.745  0.007  0.008  0.000
  0.010  0.000  0.054  0.603  0.333
  0.002  0.007  0.622  0.035  0.333
  0.745  0.240  0.008  0.007  0.000
  0.002  0.007  0.309  0.348  0.333
    occupations:
  0.148 -0.009 -0.009  0.000 -0.017
 -0.009  0.326  0.006 -0.015 -0.006
 -0.009  0.006  0.326  0.015 -0.006
  0.000 -0.015  0.015  0.148 -0.000
 -0.017 -0.006 -0.006 -0.000  0.326
atomic mag. moment =   3.73008
atom    2   Tr[ns(na)] (up, down, total) =   1.27283  5.00293  6.27576
   spin  1
    eigenvalues: 
  0.145  0.145  0.322  0.322  0.339
    eigenvectors:
  0.090  0.896  0.010  0.004  0.000
  0.009  0.000  0.001  0.656  0.333
  0.004  0.005  0.514  0.143  0.333
  0.896  0.090  0.004  0.010  0.000
  0.001  0.009  0.470  0.187  0.333
    occupations:
  0.148 -0.009 -0.009  0.000 -0.017
 -0.009  0.326  0.006 -0.015 -0.006
 -0.009  0.006  0.326  0.015 -0.006
  0.000 -0.015  0.015  0.148 -0.000
 -0.017 -0.006 -0.006 -0.000  0.326
   spin  2
    eigenvalues: 
  0.999  0.999  1.002  1.002  1.002
    eigenvectors:
  0.108  0.891  0.001  0.000  0.000
  0.000  0.000  0.000  0.666  0.333
  0.001  0.000  0.490  0.176  0.333
  0.891  0.108  0.000  0.001  0.000
  0.000  0.001  0.509  0.157  0.333
    occupations:
  0.999 -0.000 -0.000  0.000 -0.000
 -0.000  1.002  0.000 -0.000 -0.000
 -0.000  0.000  1.002  0.000 -0.000
  0.000 -0.000  0.000  0.999 -0.000
 -0.000 -0.000 -0.000 -0.000  1.002
atomic mag. moment =  -3.73010
N of occupied +U levels =   12.551538
 --- exit write_ns ---

     negative rho (up, down):  6.119E-05 6.128E-05
 --- in v_hubbard ---
Hubbard energy    0.0000
 -------

     total cpu time spent up to now is        4.0 secs

     total energy              =    -734.88458870 Ry
     estimated scf accuracy    <       1.55782755 Ry

     total magnetization       =     0.00 Bohr mag/cell
     absolute magnetization    =     8.13 Bohr mag/cell

     iteration #  2     ecut=    30.00 Ry     beta= 0.30
     Davidson diagonalization with overlap
     ethr =  3.54E-03,  avg # of iterations =  2.2
 --- enter write_ns ---
 LDA+U parameters:
U( 1)     =  0.00000001
U( 2)     =  0.00000001
atom    1   Tr[ns(na)] (up, down, total) =   4.99677  1.72327  6.72004
   spin  1
    eigenvalues: 
  0.997  0.997  1.001  1.001  1.001
    eigenvectors:
  0.100  0.898  0.000  0.002  0.000
  0.001  0.000  0.333  0.000  0.665
  0.001  0.001  0.333  0.493  0.173
  0.898  0.100  0.000  0.000  0.002
  0.000  0.001  0.333  0.505  0.160
    occupations:
  0.997 -0.000 -0.000  0.000 -0.000
 -0.000  1.001 -0.000 -0.000  0.000
 -0.000 -0.000  1.001  0.000  0.000
  0.000 -0.000  0.000  0.997 -0.000
 -0.000  0.000  0.000 -0.000  1.001
   spin  2
    eigenvalues: 
  0.254  0.254  0.391  0.412  0.412
    eigenvectors:
  0.661  0.264  0.000  0.042  0.033
  0.039  0.011  0.333  0.025  0.592
  0.000  0.050  0.333  0.555  0.061
  0.264  0.661  0.000  0.033  0.042
  0.036  0.014  0.333  0.345  0.272
    occupations:
  0.266 -0.017 -0.017  0.000 -0.034
 -0.017  0.397 -0.003 -0.029  0.003
 -0.017 -0.003  0.397  0.029  0.003
  0.000 -0.029  0.029  0.266 -0.000
 -0.034  0.003  0.003 -0.000  0.397
atomic mag. moment =   3.27350
atom    2   Tr[ns(na)] (up, down, total) =   1.73372  4.99686  6.73058
   spin  1
    eigenvalues: 
  0.256  0.256  0.393  0.414  0.414
    eigenvectors:
  0.475  0.446  0.000  0.030  0.049
  0.049  0.004  0.333  0.086  0.529
  0.003  0.049  0.333  0.602  0.012
  0.446  0.475  0.000  0.049  0.030
  0.027  0.025  0.333  0.234  0.381
    occupations:
  0.268 -0.017 -0.017  0.000 -0.035
 -0.017  0.399 -0.003 -0.030  0.003
 -0.017 -0.003  0.399  0.030  0.003
  0.000 -0.030  0.030  0.268 -0.000
 -0.035  0.003  0.003 -0.000  0.399
   spin  2
    eigenvalues: 
  0.997  0.997  1.001  1.001  1.001
    eigenvectors:
  0.052  0.946  0.000  0.001  0.001
  0.001  0.000  0.333  0.002  0.664
  0.001  0.001  0.333  0.528  0.137
  0.946  0.052  0.000  0.001  0.001
  0.000  0.001  0.333  0.468  0.197
    occupations:
  0.997 -0.000 -0.000  0.000 -0.000
 -0.000  1.001 -0.000 -0.000  0.000
 -0.000 -0.000  1.001  0.000  0.000
  0.000 -0.000  0.000  0.997 -0.000
 -0.000  0.000  0.000 -0.000  1.001
atomic mag. moment =  -3.26313
N of occupied +U levels =   13.450622
 --- exit write_ns ---

     negative rho (up, down):  1.228E-04 1.234E-04
 --- in v_hubbard ---
Hubbard energy    0.0000
 -------

     total cpu time spent up to now is        5.7 secs

     total energy              =    -735.22055999 Ry
     estimated scf accuracy    <       0.58216943 Ry

     total magnetization       =     0.01 Bohr mag/cell
     absolute magnetization    =     7.37 Bohr mag/cell

     iteration #  3     ecut=    30.00 Ry     beta= 0.30
     Davidson diagonalization with overlap
     ethr =  1.32E-03,  avg # of iterations =  1.0
 --- enter write_ns ---
 LDA+U parameters:
U( 1)     =  0.00000001
U( 2)     =  0.00000001
atom    1   Tr[ns(na)] (up, down, total) =   4.99687  1.68371  6.68057
   spin  1
    eigenvalues: 
  0.996  0.996  1.001  1.001  1.001
    eigenvectors:
  0.073  0.922  0.000  0.004  0.001
  0.003  0.000  0.333  0.003  0.661
  0.002  0.002  0.333  0.460  0.204
  0.922  0.073  0.000  0.001  0.004
  0.000  0.003  0.333  0.533  0.131
    occupations:
  0.996 -0.000 -0.000  0.000 -0.000
 -0.000  1.001 -0.000 -0.000  0.000
 -0.000 -0.000  1.001  0.000  0.000
  0.000 -0.000  0.000  0.996 -0.000
 -0.000  0.000  0.000 -0.000  1.001
   spin  2
    eigenvalues: 
  0.238  0.238  0.371  0.418  0.418
    eigenvectors:
  0.281  0.670  0.000  0.027  0.022
  0.033  0.000  0.333  0.027  0.607
  0.007  0.026  0.333  0.573  0.061
  0.670  0.281  0.000  0.022  0.027
  0.010  0.023  0.333  0.351  0.283
    occupations:
  0.247 -0.016 -0.016  0.000 -0.032
 -0.016  0.397 -0.013 -0.028  0.013
 -0.016 -0.013  0.397  0.028  0.013
  0.000 -0.028  0.028  0.247 -0.000
 -0.032  0.013  0.013 -0.000  0.397
atomic mag. moment =   3.31316
atom    2   Tr[ns(na)] (up, down, total) =   1.64366  4.99661  6.64027
   spin  1
    eigenvalues: 
  0.236  0.236  0.359  0.406  0.406
    eigenvectors:
  0.475  0.470  0.000  0.031  0.024
  0.035  0.003  0.333  0.024  0.606
  0.002  0.035  0.333  0.564  0.066
  0.470  0.475  0.000  0.024  0.031
  0.019  0.018  0.333  0.357  0.273
    occupations:
  0.246 -0.016 -0.016  0.000 -0.032
 -0.016  0.384 -0.012 -0.027  0.012
 -0.016 -0.012  0.384  0.027  0.012
  0.000 -0.027  0.027  0.246 -0.000
 -0.032  0.012  0.012 -0.000  0.384
   spin  2
    eigenvalues: 
  0.996  0.996  1.001  1.001  1.001
    eigenvectors:
  0.019  0.975  0.000  0.004  0.001
  0.003  0.000  0.333  0.001  0.662
  0.002  0.001  0.333  0.472  0.191
  0.975  0.019  0.000  0.001  0.004
  0.000  0.003  0.333  0.521  0.142
    occupations:
  0.996 -0.000 -0.000  0.000 -0.000
 -0.000  1.001 -0.000 -0.000  0.000
 -0.000 -0.000  1.001  0.000  0.000
  0.000 -0.000  0.000  0.996 -0.000
 -0.000  0.000  0.000 -0.000  1.001
atomic mag. moment =  -3.35294
N of occupied +U levels =   13.320841
 --- exit write_ns ---

     negative rho (up, down):  3.170E-04 3.080E-04
 --- in v_hubbard ---
Hubbard energy    0.0000
 -------

     total cpu time spent up to now is        7.4 secs

     total energy              =    -735.39042963 Ry
     estimated scf accuracy    <       0.28255451 Ry

     total magnetization       =    -0.04 Bohr mag/cell
     absolute magnetization    =     7.42 Bohr mag/cell

     iteration #  4     ecut=    30.00 Ry     beta= 0.30
     Davidson diagonalization with overlap
     ethr =  6.42E-04,  avg # of iterations =  1.7
 --- enter write_ns ---
 LDA+U parameters:
U( 1)     =  0.00000001
U( 2)     =  0.00000001
atom    1   Tr[ns(na)] (up, down, total) =   4.97045  1.40399  6.37444
   spin  1
    eigenvalues: 
  0.986  0.986  1.000  1.000  1.000
    eigenvectors:
  0.187  0.801  0.000  0.009  0.003
  0.007  0.000  0.333  0.001  0.659
  0.002  0.005  0.333  0.478  0.181
  0.801  0.187  0.000  0.003  0.009
  0.001  0.006  0.333  0.510  0.149
    occupations:
  0.986 -0.001 -0.001  0.000 -0.001
 -0.001  1.000 -0.000 -0.001  0.000
 -0.001 -0.000  1.000  0.001  0.000
  0.000 -0.001  0.001  0.986 -0.000
 -0.001  0.000  0.000 -0.000  1.000
   spin  2
    eigenvalues: 
  0.249  0.249  0.264  0.321  0.321
    eigenvectors:
  0.394  0.464  0.000  0.043  0.099
  0.090  0.005  0.333  0.116  0.456
  0.008  0.086  0.333  0.570  0.002
  0.464  0.394  0.000  0.099  0.043
  0.044  0.051  0.333  0.172  0.400
    occupations:
  0.259 -0.010 -0.010  0.000 -0.021
 -0.010  0.295 -0.015 -0.018  0.015
 -0.010 -0.015  0.295  0.018  0.015
  0.000 -0.018  0.018  0.259 -0.000
 -0.021  0.015  0.015 -0.000  0.295
atomic mag. moment =   3.56646
atom    2   Tr[ns(na)] (up, down, total) =   2.15811  4.98603  7.14415
   spin  1
    eigenvalues: 
  0.299  0.299  0.443  0.559  0.559
    eigenvectors:
  0.011  0.964  0.000  0.015  0.010
  0.014  0.003  0.333  0.016  0.634
  0.011  0.006  0.333  0.568  0.082
  0.964  0.011  0.000  0.010  0.015
  0.000  0.017  0.333  0.391  0.259
    occupations:
  0.305 -0.017 -0.017  0.000 -0.033
 -0.017  0.516 -0.037 -0.029  0.037
 -0.017 -0.037  0.516  0.029  0.037
  0.000 -0.029  0.029  0.305 -0.000
 -0.033  0.037  0.037 -0.000  0.516
   spin  2
    eigenvalues: 
  0.994  0.994  1.000  1.000  1.000
    eigenvectors:
  0.241  0.728  0.000  0.021  0.009
  0.020  0.000  0.333  0.002  0.645
  0.005  0.015  0.333  0.514  0.132
  0.728  0.241  0.000  0.009  0.021
  0.005  0.015  0.333  0.454  0.193
    occupations:
  0.994 -0.000 -0.000  0.000 -0.001
 -0.000  1.000 -0.000 -0.001  0.000
 -0.000 -0.000  1.000  0.001  0.000
  0.000 -0.001  0.001  0.994 -0.000
 -0.001  0.000  0.000 -0.000  1.000
atomic mag. moment =  -2.82792
N of occupied +U levels =   13.518591
 --- exit write_ns ---

     negative rho (up, down):  3.250E-04 3.035E-04
 --- in v_hubbard ---
Hubbard energy    0.0000
 -------

     total cpu time spent up to now is        9.1 secs

     total energy              =    -735.39224016 Ry
     estimated scf accuracy    <       0.24547945 Ry

     total magnetization       =     0.70 Bohr mag/cell
     absolute magnetization    =     7.09 Bohr mag/cell

     iteration #  5     ecut=    30.00 Ry     beta= 0.30
     Davidson diagonalization with overlap
     ethr =  5.58E-04,  avg # of iterations =  1.3
 --- enter write_ns ---
 LDA+U parameters:
U( 1)     =  0.00000001
U( 2)     =  0.00000001
atom    1   Tr[ns(na)] (up, down, total) =   4.98344  1.93125  6.91469
   spin  1
    eigenvalues: 
  0.992  0.992  1.000  1.000  1.000
    eigenvectors:
  0.014  0.970  0.000  0.010  0.006
  0.009  0.002  0.333  0.012  0.644
  0.007  0.004  0.333  0.562  0.094
  0.970  0.014  0.000  0.006  0.010
  0.000  0.011  0.333  0.409  0.247
    occupations:
  0.992 -0.000 -0.000  0.000 -0.001
 -0.000  1.000 -0.000 -0.001  0.000
 -0.000 -0.000  1.000  0.001  0.000
  0.000 -0.001  0.001  0.992 -0.000
 -0.001  0.000  0.000 -0.000  1.000
   spin  2
    eigenvalues: 
  0.284  0.284  0.376  0.493  0.493
    eigenvectors:
  0.465  0.487  0.000  0.029  0.019
  0.030  0.002  0.333  0.017  0.618
  0.002  0.030  0.333  0.556  0.078
  0.487  0.465  0.000  0.019  0.029
  0.016  0.016  0.333  0.379  0.256
    occupations:
  0.294 -0.018 -0.018  0.000 -0.036
 -0.018  0.448 -0.036 -0.032  0.036
 -0.018 -0.036  0.448  0.032  0.036
  0.000 -0.032  0.032  0.294 -0.000
 -0.036  0.036  0.036 -0.000  0.448
atomic mag. moment =   3.05219
atom    2   Tr[ns(na)] (up, down, total) =   1.64265  4.97519  6.61784
   spin  1
    eigenvalues: 
  0.262  0.262  0.302  0.409  0.409
    eigenvectors:
  0.352  0.570  0.000  0.035  0.043
  0.051  0.001  0.333  0.058  0.557
  0.007  0.044  0.333  0.588  0.027
  0.570  0.352  0.000  0.043  0.035
  0.020  0.032  0.333  0.277  0.338
    occupations:
  0.273 -0.016 -0.016  0.000 -0.032
 -0.016  0.366 -0.032 -0.028  0.032
 -0.016 -0.032  0.366  0.028  0.032
  0.000 -0.028  0.028  0.273 -0.000
 -0.032  0.032  0.032 -0.000  0.366
   spin  2
    eigenvalues: 
  0.988  0.988  1.000  1.000  1.000
    eigenvectors:
  0.047  0.940  0.000  0.010  0.003
  0.008  0.001  0.333  0.001  0.657
  0.005  0.004  0.333  0.470  0.188
  0.940  0.047  0.000  0.003  0.010
  0.000  0.008  0.333  0.516  0.142
    occupations:
  0.988 -0.001 -0.001  0.000 -0.001
 -0.001  1.000 -0.000 -0.001  0.000
 -0.001 -0.000  1.000  0.001  0.000
  0.000 -0.001  0.001  0.988 -0.000
 -0.001  0.000  0.000 -0.000  1.000
atomic mag. moment =  -3.33255
N of occupied +U levels =   13.532524
 --- exit write_ns ---

     negative rho (up, down):  3.136E-04 3.069E-04
 --- in v_hubbard ---
Hubbard energy    0.0000
 -------

     total cpu time spent up to now is       10.7 secs

     total energy              =    -735.41123275 Ry
     estimated scf accuracy    <       0.04219188 Ry

     total magnetization       =    -0.26 Bohr mag/cell
     absolute magnetization    =     7.08 Bohr mag/cell

     iteration #  6     ecut=    30.00 Ry     beta= 0.30
     Davidson diagonalization with overlap
     ethr =  9.59E-05,  avg # of iterations =  1.2
 --- enter write_ns ---
 LDA+U parameters:
U( 1)     =  0.00000001
U( 2)     =  0.00000001
atom    1   Tr[ns(na)] (up, down, total) =   4.97795  1.81226  6.79021
   spin  1
    eigenvalues: 
  0.989  0.989  1.000  1.000  1.000
    eigenvectors:
  0.310  0.674  0.000  0.012  0.004
  0.010  0.000  0.333  0.000  0.656
  0.002  0.008  0.333  0.489  0.167
  0.674  0.310  0.000  0.004  0.012
  0.003  0.007  0.333  0.495  0.161
    occupations:
  0.989 -0.001 -0.001  0.000 -0.001
 -0.001  1.000 -0.000 -0.001  0.000
 -0.001 -0.000  1.000  0.001  0.000
  0.000 -0.001  0.001  0.989 -0.000
 -0.001  0.000  0.000 -0.000  1.000
   spin  2
    eigenvalues: 
  0.276  0.276  0.330  0.465  0.465
    eigenvectors:
  0.657  0.276  0.000  0.039  0.028
  0.035  0.009  0.333  0.019  0.603
  0.000  0.044  0.333  0.550  0.072
  0.276  0.657  0.000  0.028  0.039
  0.031  0.013  0.333  0.364  0.258
    occupations:
  0.289 -0.019 -0.019  0.000 -0.039
 -0.019  0.411 -0.041 -0.033  0.041
 -0.019 -0.041  0.411  0.033  0.041
  0.000 -0.033  0.033  0.289 -0.000
 -0.039  0.041  0.041 -0.000  0.411
atomic mag. moment =   3.16570
atom    2   Tr[ns(na)] (up, down, total) =   1.78502  4.97666  6.76168
   spin  1
    eigenvalues: 
  0.273  0.273  0.320  0.459  0.459
    eigenvectors:
  0.114  0.815  0.000  0.039  0.032
  0.046  0.001  0.333  0.028  0.592
  0.019  0.028  0.333  0.562  0.058
  0.815  0.114  0.000  0.032  0.039
  0.006  0.041  0.333  0.340  0.280
    occupations:
  0.286 -0.020 -0.020  0.000 -0.039
 -0.020  0.404 -0.042 -0.034  0.042
 -0.020 -0.042  0.404  0.034  0.042
  0.000 -0.034  0.034  0.286 -0.000
 -0.039  0.042  0.042 -0.000  0.404
   spin  2
    eigenvalues: 
  0.989  0.989  1.000  1.000  1.000
    eigenvectors:
  0.019  0.966  0.000  0.011  0.004
  0.009  0.001  0.333  0.000  0.656
  0.006  0.004  0.333  0.503  0.154
  0.966  0.019  0.000  0.004  0.011
  0.000  0.010  0.333  0.482  0.175
    occupations:
  0.989 -0.001 -0.001  0.000 -0.001
 -0.001  1.000 -0.000 -0.001  0.000
 -0.001 -0.000  1.000  0.001  0.000
  0.000 -0.001  0.001  0.989 -0.000
 -0.001  0.000  0.000 -0.000  1.000
atomic mag. moment =  -3.19164
N of occupied +U levels =   13.551892
 --- exit write_ns ---

     negative rho (up, down):  2.817E-04 2.775E-04
 --- in v_hubbard ---
Hubbard energy    0.0000
 -------

     total cpu time spent up to now is       12.4 secs

     total energy              =    -735.41364004 Ry
     estimated scf accuracy    <       0.00165491 Ry

     total magnetization       =    -0.02 Bohr mag/cell
     absolute magnetization    =     7.05 Bohr mag/cell

     iteration #  7     ecut=    30.00 Ry     beta= 0.30
     Davidson diagonalization with overlap
     ethr =  3.76E-06,  avg # of iterations =  4.2
 --- enter write_ns ---
 LDA+U parameters:
U( 1)     =  0.00000001
U( 2)     =  0.00000001
atom    1   Tr[ns(na)] (up, down, total) =   4.97689  1.79067  6.76756
   spin  1
    eigenvalues: 
  0.989  0.989  1.000  1.000  1.000
    eigenvectors:
  0.059  0.925  0.000  0.012  0.004
  0.010  0.001  0.333  0.000  0.655
  0.006  0.005  0.333  0.505  0.151
  0.925  0.059  0.000  0.004  0.012
  0.001  0.010  0.333  0.478  0.178
    occupations:
  0.989 -0.001 -0.001  0.000 -0.001
 -0.001  1.000 -0.000 -0.001  0.000
 -0.001 -0.000  1.000  0.001  0.000
  0.000 -0.001  0.001  0.989 -0.000
 -0.001  0.000  0.000 -0.000  1.000
   spin  2
    eigenvalues: 
  0.274  0.274  0.309  0.467  0.467
    eigenvectors:
  0.325  0.595  0.000  0.040  0.039
  0.052  0.001  0.333  0.040  0.574
  0.008  0.045  0.333  0.571  0.043
  0.595  0.325  0.000  0.039  0.040
  0.019  0.034  0.333  0.310  0.304
    occupations:
  0.289 -0.021 -0.021  0.000 -0.043
 -0.021  0.404 -0.047 -0.037  0.047
 -0.021 -0.047  0.404  0.037  0.047
  0.000 -0.037  0.037  0.289 -0.000
 -0.043  0.047  0.047 -0.000  0.404
atomic mag. moment =   3.18622
atom    2   Tr[ns(na)] (up, down, total) =   1.81235  4.97744  6.78979
   spin  1
    eigenvalues: 
  0.275  0.275  0.311  0.476  0.476
    eigenvectors:
  0.665  0.259  0.000  0.037  0.039
  0.040  0.011  0.333  0.044  0.571
  0.000  0.051  0.333  0.577  0.038
  0.259  0.665  0.000  0.039  0.037
  0.037  0.014  0.333  0.302  0.314
    occupations:
  0.290 -0.022 -0.022  0.000 -0.044
 -0.022  0.411 -0.050 -0.038  0.050
 -0.022 -0.050  0.411  0.038  0.050
  0.000 -0.038  0.038  0.290 -0.000
 -0.044  0.050  0.050 -0.000  0.411
   spin  2
    eigenvalues: 
  0.989  0.989  1.000  1.000  1.000
    eigenvectors:
  0.021  0.963  0.000  0.012  0.005
  0.009  0.001  0.333  0.001  0.655
  0.007  0.004  0.333  0.516  0.140
  0.963  0.021  0.000  0.005  0.012
  0.000  0.011  0.333  0.466  0.189
    occupations:
  0.989 -0.001 -0.001  0.000 -0.001
 -0.001  1.000 -0.000 -0.001  0.000
 -0.001 -0.000  1.000  0.001  0.000
  0.000 -0.001  0.001  0.989 -0.000
 -0.001  0.000  0.000 -0.000  1.000
atomic mag. moment =  -3.16509
N of occupied +U levels =   13.557349
 --- exit write_ns ---

     negative rho (up, down):  2.687E-04 2.653E-04
 --- in v_hubbard ---
Hubbard energy    0.0000
 -------

     total cpu time spent up to now is       14.2 secs

     total energy              =    -735.41416747 Ry
     estimated scf accuracy    <       0.00050662 Ry

     total magnetization       =     0.02 Bohr mag/cell
     absolute magnetization    =     7.05 Bohr mag/cell

     iteration #  8     ecut=    30.00 Ry     beta= 0.30
     Davidson diagonalization with overlap
     ethr =  1.15E-06,  avg # of iterations =  2.2
 --- enter write_ns ---
 LDA+U parameters:
U( 1)     =  0.00000001
U( 2)     =  0.00000001
atom    1   Tr[ns(na)] (up, down, total) =   4.97709  1.80405  6.78114
   spin  1
    eigenvalues: 
  0.989  0.989  1.000  1.000  1.000
    eigenvectors:
  0.153  0.829  0.000  0.012  0.005
  0.011  0.000  0.333  0.002  0.653
  0.004  0.007  0.333  0.524  0.132
  0.829  0.153  0.000  0.005  0.012
  0.002  0.010  0.333  0.457  0.198
    occupations:
  0.989 -0.001 -0.001  0.000 -0.001
 -0.001  1.000  0.000 -0.001 -0.000
 -0.001  0.000  1.000  0.001 -0.000
  0.000 -0.001  0.001  0.989 -0.000
 -0.001 -0.000 -0.000 -0.000  1.000
   spin  2
    eigenvalues: 
  0.274  0.274  0.296  0.480  0.480
    eigenvectors:
  0.345  0.575  0.000  0.046  0.034
  0.052  0.001  0.333  0.022  0.591
  0.008  0.046  0.333  0.548  0.065
  0.575  0.345  0.000  0.034  0.046
  0.020  0.033  0.333  0.349  0.264
    occupations:
  0.290 -0.023 -0.023  0.000 -0.046
 -0.023  0.408 -0.056 -0.040  0.056
 -0.023 -0.056  0.408  0.040  0.056
  0.000 -0.040  0.040  0.290 -0.000
 -0.046  0.056  0.056 -0.000  0.408
atomic mag. moment =   3.17304
atom    2   Tr[ns(na)] (up, down, total) =   1.79367  4.97652  6.77019
   spin  1
    eigenvalues: 
  0.272  0.272  0.291  0.479  0.479
    eigenvectors:
  0.799  0.121  0.000  0.039  0.042
  0.033  0.021  0.333  0.045  0.567
  0.001  0.053  0.333  0.576  0.037
  0.121  0.799  0.000  0.042  0.039
  0.047  0.007  0.333  0.298  0.315
    occupations:
  0.289 -0.023 -0.023  0.000 -0.046
 -0.023  0.405 -0.057 -0.040  0.057
 -0.023 -0.057  0.405  0.040  0.057
  0.000 -0.040  0.040  0.289 -0.000
 -0.046  0.057  0.057 -0.000  0.405
   spin  2
    eigenvalues: 
  0.988  0.988  1.000  1.000  1.000
    eigenvectors:
  0.264  0.719  0.000  0.011  0.006
  0.011  0.000  0.333  0.011  0.645
  0.003  0.009  0.333  0.558  0.098
  0.719  0.264  0.000  0.006  0.011
  0.003  0.008  0.333  0.415  0.241
    occupations:
  0.989 -0.001 -0.001  0.000 -0.001
 -0.001  1.000  0.000 -0.001 -0.000
 -0.001  0.000  1.000  0.001 -0.000
  0.000 -0.001  0.001  0.989 -0.000
 -0.001 -0.000 -0.000 -0.000  1.000
atomic mag. moment =  -3.18285
N of occupied +U levels =   13.551334
 --- exit write_ns ---

     negative rho (up, down):  2.644E-04 2.624E-04
 --- in v_hubbard ---
Hubbard energy    0.0000
 -------

     total cpu time spent up to now is       15.9 secs

     total energy              =    -735.41446326 Ry
     estimated scf accuracy    <       0.00017874 Ry

     total magnetization       =    -0.01 Bohr mag/cell
     absolute magnetization    =     7.05 Bohr mag/cell

     iteration #  9     ecut=    30.00 Ry     beta= 0.30
     Davidson diagonalization with overlap
     ethr =  4.06E-07,  avg # of iterations =  2.5
 --- enter write_ns ---
 LDA+U parameters:
U( 1)     =  0.00000001
U( 2)     =  0.00000001
atom    1   Tr[ns(na)] (up, down, total) =   4.97700  1.80754  6.78454
   spin  1
    eigenvalues: 
  0.989  0.989  1.000  1.000  1.000
    eigenvectors:
  0.146  0.836  0.000  0.014  0.004
  0.012  0.000  0.333  0.001  0.654
  0.004  0.007  0.333  0.471  0.183
  0.836  0.146  0.000  0.004  0.014
  0.002  0.010  0.333  0.510  0.145
    occupations:
  0.989 -0.001 -0.001  0.000 -0.001
 -0.001  1.000  0.000 -0.001 -0.000
 -0.001  0.000  1.000  0.001 -0.000
  0.000 -0.001  0.001  0.989 -0.000
 -0.001 -0.000 -0.000 -0.000  1.000
   spin  2
    eigenvalues: 
  0.274  0.274  0.281  0.489  0.489
    eigenvectors:
  0.329  0.588  0.000  0.039  0.044
  0.054  0.001  0.333  0.050  0.562
  0.009  0.047  0.333  0.578  0.033
  0.588  0.329  0.000  0.044  0.039
  0.020  0.035  0.333  0.289  0.322
    occupations:
  0.292 -0.024 -0.024  0.000 -0.048
 -0.024  0.408 -0.063 -0.042  0.063
 -0.024 -0.063  0.408  0.042  0.063
  0.000 -0.042  0.042  0.292 -0.000
 -0.048  0.063  0.063 -0.000  0.408
atomic mag. moment =   3.16946
atom    2   Tr[ns(na)] (up, down, total) =   1.79434  4.97634  6.77069
   spin  1
    eigenvalues: 
  0.272  0.272  0.277  0.487  0.487
    eigenvectors:
  0.434  0.482  0.000  0.043  0.042
  0.053  0.003  0.333  0.039  0.571
  0.005  0.052  0.333  0.567  0.043
  0.482  0.434  0.000  0.042  0.043
  0.027  0.030  0.333  0.309  0.301
    occupations:
  0.290 -0.024 -0.024  0.000 -0.049
 -0.024  0.405 -0.064 -0.042  0.064
